,GENDER,CR_S11,CC_S11,ENG_S11,TOTAL_SCORE_S11,CR_PRO,CC_PRO,ENG_PRO,TOTAL_SCORE_PRO
0,F,81,61,82,224,93,71,93,257
1,F,75,66,88,229,38,86,98,222
2,M,49,38,42,129,1,18,43,62
3,F,55,51,73,179,35,76,80,191
4,M,65,76,92,233,94,98,100,292
5,F,60,57,82,199,15,32,97,144
6,M,75,61,85,221,8,50,92,150
7,F,67,61,96,224,86,94,97,277
8,M,54,61,46,161,57,43,3,103
9,M,55,51,65,171,41,22,83,146
10,F,71,61,96,228,83,93,100,276
11,M,47,49,43,139,19,79,10,108
12,F,62,61,50,173,45,74,56,175
13,M,71,64,82,217,82,80,97,259
14,F,45,59,44,148,61,81,36,178
15,F,58,59,59,176,64,77,74,215
16,M,67,72,68,207,69,72,89,230
17,M,64,61,88,213,76,100,94,270
18,M,49,45,44,138,8,12,19,39
19,M,44,53,53,150,86,52,74,212
20,M,53,51,58,162,64,54,89,207
21,M,47,56,57,160,39,49,60,148
22,M,47,36,64,147,25,37,65,127
23,M,65,50,82,197,81,22,88,191
24,M,71,68,75,214,99,93,92,284
25,M,75,65,71,211,92,91,97,280
26,M,56,49,70,175,28,15,84,127
27,M,71,63,92,226,59,74,97,230
28,F,56,43,54,153,47,36,61,144
29,F,44,47,48,139,61,76,75,212
30,M,52,56,53,161,62,40,28,130
31,M,62,56,43,161,100,78,74,252
32,M,62,76,92,230,92,99,100,291
33,M,53,57,62,172,82,80,81,243
34,M,60,45,75,180,15,5,89,109
35,M,71,66,76,213,88,79,98,265
36,M,60,61,54,175,84,78,82,244
37,M,71,74,78,223,98,79,95,272
38,F,56,59,54,169,9,53,62,124
39,M,62,61,82,205,61,89,97,247
40,F,60,61,62,183,79,89,88,256
41,F,58,52,75,185,77,45,74,196
42,F,54,56,40,150,67,50,65,182
43,M,67,56,64,187,93,87,92,272
44,M,62,66,82,210,96,95,95,286
45,M,62,71,88,221,93,100,97,290
46,M,75,68,85,228,19,5,96,120
47,F,60,59,80,199,71,90,88,249
48,M,36,41,40,117,7,56,22,85
49,M,62,59,54,175,55,78,59,192
50,F,51,39,55,145,5,15,73,93
51,M,60,76,92,228,90,86,100,276
52,M,81,56,78,215,95,9,72,176
53,F,51,45,55,151,71,92,69,232
54,M,49,42,40,131,29,65,51,145
55,M,63,58,50,171,77,27,68,172
56,F,62,57,64,183,78,82,47,207
57,M,65,61,78,204,87,87,95,269
58,F,60,59,70,189,85,63,65,213
59,M,75,61,96,232,97,96,100,293
60,M,67,78,62,207,96,100,49,245
61,M,60,61,59,180,79,73,91,243
62,M,47,29,54,130,48,41,66,155
63,M,81,61,82,224,85,84,98,267
64,M,60,65,75,200,89,87,90,266
65,M,62,56,73,191,29,26,90,145
66,M,62,68,46,176,97,64,77,238
67,M,51,51,53,155,80,69,68,217
68,M,67,68,75,210,75,78,85,238
69,M,58,59,78,195,53,3,86,142
70,F,81,68,73,222,59,80,77,216
71,F,58,56,49,163,13,77,85,175
72,M,75,68,71,214,81,99,97,277
73,F,55,59,55,169,93,86,50,229
74,F,67,57,44,168,77,88,75,240
75,M,63,56,88,207,83,60,100,243
76,F,49,59,92,200,45,42,97,184
77,M,67,68,80,215,80,83,100,263
78,M,68,63,82,213,91,88,98,277
79,M,58,39,76,173,1,25,94,120
80,M,60,65,78,203,95,34,99,228
81,M,62,56,71,189,58,70,76,204
82,M,65,56,96,217,84,73,97,254
83,F,60,49,64,173,11,49,82,142
84,M,54,48,39,141,9,8,58,75
85,F,49,48,59,156,25,5,86,116
86,F,60,57,80,197,93,65,91,249
87,F,68,56,62,186,33,51,61,145
88,M,62,59,88,209,100,89,100,289
89,M,52,48,82,182,91,72,93,256
90,M,81,83,92,256,91,100,100,291
91,M,62,68,88,218,75,78,96,249
92,M,54,45,49,148,3,8,44,55
93,F,52,36,64,152,99,10,85,194
94,F,67,53,100,220,1,2,8,11
95,M,57,45,40,142,20,11,18,49
96,F,62,59,75,196,81,98,87,266
97,F,55,66,80,201,81,88,98,267
98,M,53,51,73,177,33,22,76,131
99,M,60,59,76,195,85,23,95,203
100,M,75,53,88,216,98,93,98,289
101,M,43,48,85,176,35,43,93,171
102,M,81,68,82,231,86,100,98,284
103,M,62,45,70,177,51,68,90,209
104,M,75,61,100,236,98,97,100,295
105,F,67,64,88,219,97,93,96,286
106,F,53,50,49,152,53,25,38,116
107,F,65,76,92,233,93,88,97,278
108,M,75,72,96,243,66,97,100,263
109,M,64,59,96,219,70,1,99,170
110,F,62,57,82,201,85,95,96,276
111,M,75,61,92,228,90,20,92,202
112,M,75,72,88,235,99,100,98,297
113,M,62,57,82,201,95,71,94,260
114,M,57,61,42,160,16,1,18,35
115,M,53,55,60,168,51,54,60,165
116,M,58,48,50,156,79,62,61,202
117,M,65,68,85,218,78,1,96,175
118,M,81,78,96,255,89,62,100,251
119,M,53,49,50,152,40,20,22,82
120,M,60,74,82,216,77,78,92,247
121,M,71,66,88,225,99,94,100,293
122,M,55,47,85,187,59,82,98,239
123,F,67,56,85,208,93,81,95,269
124,M,56,48,80,184,76,12,97,185
125,M,71,61,100,232,80,95,98,273
126,M,51,59,96,206,61,40,97,198
127,F,60,64,76,200,81,11,93,185
128,F,64,55,58,177,95,28,83,206
129,M,68,56,64,188,57,70,79,206
130,F,62,68,52,182,71,61,67,199
131,M,49,47,59,155,37,26,88,151
132,M,75,72,92,239,97,94,99,290
133,M,57,49,76,182,34,29,83,146
134,M,58,68,71,197,87,90,83,260
135,M,47,48,76,171,73,57,77,207
136,M,62,50,88,200,22,32,97,151
137,F,54,65,82,201,98,98,97,293
138,M,56,56,92,204,98,99,98,295
139,M,68,65,96,229,82,59,100,241
140,F,60,59,67,186,32,65,73,170
141,M,47,45,43,135,10,7,10,27
142,F,54,53,57,164,53,83,55,191
143,M,49,39,55,143,6,14,41,61
144,M,75,74,88,237,88,94,96,278
145,M,60,66,96,222,93,100,100,293
146,F,51,55,60,166,57,81,65,203
147,M,71,65,76,212,98,78,99,275
148,M,62,53,68,183,51,6,72,129
149,F,43,45,46,134,46,45,17,108
150,M,68,60,92,220,79,40,98,217
151,F,71,66,73,210,92,85,94,271
152,M,60,42,58,160,79,53,62,194
153,M,57,57,50,164,50,74,75,199
154,F,58,56,49,163,33,35,34,102
155,M,51,45,40,136,37,21,8,66
156,F,65,56,80,201,31,64,86,181
157,M,67,53,62,182,74,99,86,259
158,M,71,68,62,201,94,89,85,268
159,M,67,61,82,210,74,35,100,209
160,F,57,57,59,173,94,82,61,237
161,M,49,49,38,136,31,36,38,105
162,F,49,59,40,148,51,15,55,121
163,M,55,51,44,150,5,50,35,90
164,M,50,50,52,152,80,9,7,96
165,F,62,56,67,185,44,15,61,120
166,F,62,58,54,174,58,10,66,134
167,M,45,55,46,146,49,54,70,173
168,M,64,61,64,189,69,40,76,185
169,M,69,69,82,220,90,97,99,286
170,F,67,69,55,191,91,25,81,197
171,F,57,52,52,161,42,60,57,159
172,M,59,57,65,181,61,1,1,63
173,M,56,52,55,163,13,53,78,144
174,M,57,61,49,167,71,91,61,223
175,M,51,65,53,169,69,58,64,191
176,M,60,57,53,170,63,26,79,168
177,M,64,72,73,209,49,53,94,196
178,M,64,66,53,183,31,27,58,116
179,M,57,57,54,168,61,48,51,160
180,F,67,72,60,199,86,61,74,221
181,M,49,52,43,144,43,8,33,84
182,F,64,59,68,191,59,40,66,165
183,F,56,57,68,181,62,81,68,211
184,M,57,58,52,167,78,28,45,151
185,M,72,77,60,209,80,89,87,256
186,M,53,53,59,165,33,53,69,155
187,F,62,57,48,167,25,48,80,153
188,M,58,55,64,177,8,43,75,126
189,F,58,62,55,175,82,72,55,209
190,F,57,47,49,153,7,22,22,51
191,M,52,53,58,163,83,85,37,205
192,M,39,48,42,129,49,64,47,160
193,F,48,48,43,139,70,83,73,226
194,M,41,40,52,133,12,38,20,70
195,F,62,62,62,186,96,82,75,253
196,M,64,62,45,171,70,76,36,182
197,F,60,62,80,202,92,54,95,241
198,F,48,53,65,166,49,62,79,190
199,F,57,69,76,202,79,61,92,232
200,M,74,77,67,218,18,30,84,132
201,F,69,53,53,175,50,76,55,181
202,M,56,74,67,197,94,88,91,273
203,F,81,62,67,210,1,6,67,74
204,F,64,68,67,199,46,87,81,214
205,F,54,42,45,141,16,42,40,98
206,F,62,56,55,173,55,30,58,143
207,F,67,57,50,174,62,82,53,197
208,F,64,62,78,204,86,23,98,207
209,M,52,56,53,161,67,37,52,156
210,F,74,72,65,211,96,88,91,275
211,M,58,62,55,175,97,93,88,278
212,M,67,64,76,207,100,82,98,280
213,M,60,60,60,180,62,8,74,144
214,M,45,52,46,143,33,81,64,178
215,F,58,66,43,167,37,19,39,95
216,M,52,53,53,158,79,74,67,220
217,F,60,57,80,197,33,57,92,182
218,M,62,65,48,175,15,21,23,59
219,F,64,64,52,180,50,39,45,134
220,M,87,72,62,221,91,95,81,267
221,F,57,46,54,157,83,64,67,214
222,M,62,66,55,183,48,75,78,201
223,M,49,51,43,143,61,40,18,119
224,F,70,66,70,206,89,39,88,216
225,M,57,57,70,184,97,78,90,265
226,M,41,46,49,136,19,8,67,94
227,M,64,64,52,180,60,59,33,152
228,M,70,72,80,222,89,97,92,278
229,F,66,74,67,207,32,83,85,200
230,F,68,72,78,218,23,33,88,144
231,M,57,60,60,177,78,88,87,253
232,M,64,53,63,180,38,36,64,138
233,M,62,59,59,180,82,5,62,149
234,F,69,65,67,201,1,85,93,179
235,F,74,68,59,201,100,73,86,259
236,F,70,59,71,200,91,100,85,276
237,F,55,53,54,162,67,69,44,180
238,F,64,74,80,218,83,86,89,258
239,M,70,66,85,221,85,98,89,272
240,F,52,59,54,165,70,89,68,227
241,M,62,72,62,196,81,36,64,181
242,M,64,57,68,189,45,87,89,221
243,M,76,69,76,221,86,85,90,261
244,F,52,57,52,161,55,54,63,172
245,M,87,82,82,251,96,92,95,283
246,F,62,64,73,199,91,86,83,260
247,F,58,58,53,169,63,8,73,144
248,F,56,59,64,179,56,10,72,138
249,F,62,53,54,169,89,65,68,222
250,F,60,60,60,180,35,25,61,121
251,F,62,60,78,200,43,64,85,192
252,M,64,61,71,196,84,24,63,171
253,F,68,66,64,198,49,19,86,154
254,F,79,66,62,207,95,35,93,223
255,M,49,53,54,156,27,17,41,85
256,M,64,65,64,193,68,75,73,216
257,M,77,64,85,226,50,57,99,206
258,M,85,72,90,247,99,100,100,299
259,M,79,76,76,231,96,94,95,285
260,M,70,64,82,216,95,90,96,281
261,M,49,53,54,156,53,44,58,155
262,F,56,51,48,155,53,78,41,172
263,F,62,71,65,198,94,91,80,265
264,F,74,66,70,210,88,86,83,257
265,F,69,59,62,190,78,52,87,217
266,F,70,64,80,214,84,71,92,247
267,F,59,59,52,170,51,20,44,115
268,F,55,45,62,162,39,63,82,184
269,M,67,66,62,195,68,72,96,236
270,M,59,52,46,157,4,21,17,42
271,F,70,55,55,180,37,89,69,195
272,M,70,71,90,231,100,74,98,272
273,F,67,68,75,210,74,11,90,175
274,M,54,53,78,185,99,13,91,203
275,M,64,68,73,205,67,91,96,254
276,F,57,52,53,162,57,78,58,193
277,M,74,76,70,220,92,46,80,218
278,M,64,68,75,207,51,47,84,182
279,M,41,44,54,139,36,39,30,105
280,M,46,50,50,146,62,67,78,207
281,M,48,52,40,140,82,62,33,177
282,M,57,64,67,188,23,35,71,129
283,M,68,100,78,246,89,80,100,269
284,F,48,48,49,145,19,12,39,70
285,F,58,51,48,157,29,78,49,156
286,M,52,57,42,151,31,53,46,130
287,F,45,44,62,151,32,3,53,88
288,M,58,55,70,183,57,18,77,152
289,M,49,43,54,146,53,57,71,181
290,F,77,69,43,189,77,96,68,241
291,F,59,66,49,174,46,60,50,156
292,F,56,57,52,165,57,71,59,187
293,M,56,55,52,163,45,67,51,163
294,M,55,64,54,173,38,5,57,100
295,F,46,53,50,149,18,29,32,79
296,F,74,71,75,220,93,88,75,256
297,M,62,58,60,180,88,31,86,205
298,F,55,66,43,164,48,78,5,131
299,M,70,66,55,191,86,93,72,251
300,M,67,69,50,186,74,88,57,219
301,M,50,55,57,162,82,64,85,231
302,M,77,71,55,203,100,97,34,231
303,F,74,71,49,194,56,78,80,214
304,M,51,56,54,161,38,11,55,104
305,F,54,53,50,157,75,19,36,130
306,F,52,53,58,163,10,61,58,129
307,M,60,59,50,169,92,91,40,223
308,M,67,74,42,183,61,2,1,64
309,M,51,50,45,146,32,54,54,140
310,F,68,66,58,192,88,97,77,262
311,M,62,64,62,188,22,60,65,147
312,F,64,61,64,189,3,37,66,106
313,M,62,58,58,178,30,21,22,73
314,F,39,42,65,146,4,35,71,110
315,F,67,68,65,200,97,89,85,271
316,F,51,57,60,168,76,68,62,206
317,F,50,52,54,156,18,15,79,112
318,F,60,64,46,170,33,50,72,155
319,F,87,71,90,248,79,83,97,259
320,M,72,62,64,198,77,65,74,216
321,M,64,64,60,188,92,94,40,226
322,F,50,50,58,158,36,40,74,150
323,M,74,68,53,195,16,12,55,83
324,M,70,64,78,212,94,45,88,227
325,M,64,57,53,174,58,71,60,189
326,M,77,71,80,228,99,90,81,270
327,M,68,66,57,191,46,80,40,166
328,M,35,37,54,126,7,38,41,86
329,M,46,37,42,125,4,19,68,91
330,M,39,46,38,123,26,37,11,74
331,M,47,55,67,169,66,61,82,209
332,M,59,53,49,161,54,35,44,133
333,F,79,74,80,233,49,78,93,220
334,M,74,62,64,200,4,26,88,118
335,M,62,61,65,188,34,78,86,198
336,M,74,66,82,222,56,87,93,236
337,M,68,62,62,192,66,5,63,134
338,F,71,64,52,187,74,59,56,189
339,M,59,61,62,182,77,76,92,245
340,F,52,52,49,153,73,28,40,141
341,M,36,38,49,123,40,8,72,120
342,F,57,57,55,169,26,40,49,115
343,M,64,69,48,181,62,84,59,205
344,M,79,69,78,226,89,93,87,269
345,M,53,47,53,153,57,60,54,171
346,F,62,64,65,191,12,14,81,107
347,F,57,69,58,184,68,69,84,221
348,F,43,47,45,135,24,35,22,81
349,F,66,69,54,189,83,64,3,150
350,M,64,64,78,206,90,62,96,248
351,M,66,74,67,207,99,96,82,277
352,M,67,57,62,186,54,4,71,129
353,M,58,57,46,161,12,27,37,76
354,M,68,62,68,198,89,10,89,188
355,M,68,81,71,220,72,69,78,219
356,M,54,52,48,154,41,34,67,142
357,M,67,69,50,186,79,87,73,239
358,F,64,50,59,173,81,57,65,203
359,F,59,69,64,192,71,15,52,138
360,M,49,48,68,165,63,5,80,148
361,F,64,65,68,197,40,81,77,198
362,F,54,50,57,161,51,20,44,115
363,F,85,66,68,219,86,92,90,268
364,F,57,64,57,178,84,87,76,247
365,M,49,50,50,149,15,12,50,77
366,M,51,57,52,160,63,97,56,216
367,M,57,62,48,167,53,17,24,94
368,F,43,50,45,138,40,38,18,96
369,F,54,50,60,164,57,38,53,148
370,M,52,61,55,168,4,82,65,151
371,F,56,56,53,165,82,55,25,162
372,F,59,55,59,173,69,62,57,188
373,F,62,68,52,182,93,53,72,218
374,F,58,57,46,161,41,36,39,116
375,F,100,77,75,252,87,91,96,274
376,M,50,55,60,165,91,65,69,225
377,M,70,66,82,218,62,54,98,214
378,M,79,77,73,229,100,95,89,284
379,M,87,81,78,246,99,100,98,297
380,M,52,53,42,147,36,28,40,104
381,F,64,59,58,181,98,91,53,242
382,F,62,61,53,176,88,65,71,224
383,F,67,60,75,202,92,52,86,230
384,F,55,53,54,162,68,4,35,107
385,F,58,59,57,174,60,25,79,164
386,F,56,57,54,167,43,10,53,106
387,F,58,66,59,183,98,37,83,218
388,M,52,55,49,156,34,46,35,115
389,M,64,72,62,198,82,90,74,246
390,M,59,55,53,167,28,48,77,153
391,M,64,59,54,177,96,84,66,246
392,F,51,45,49,145,54,64,20,138
393,F,62,72,71,205,78,78,79,235
394,M,57,60,57,174,85,80,10,175
395,F,54,49,64,167,53,7,94,154
396,F,43,47,55,145,62,20,64,146
397,M,57,48,50,155,18,12,65,95
398,F,68,57,62,187,50,28,77,155
399,M,52,52,48,152,33,34,26,93
400,F,62,57,43,162,33,75,47,155
401,F,55,55,48,158,68,68,71,207
402,M,62,57,57,176,87,90,51,228
403,M,62,59,52,173,45,52,57,154
404,F,49,57,65,171,4,62,35,101
405,F,66,69,63,198,98,79,58,235
406,F,60,53,67,180,66,20,63,149
407,M,74,57,52,183,90,71,60,221
408,M,46,42,37,125,15,38,12,65
409,F,56,52,54,162,64,21,30,115
410,M,48,57,50,155,72,56,31,159
411,M,51,48,34,133,16,41,29,86
412,M,62,60,64,186,52,10,68,130
413,M,41,46,43,130,3,3,20,26
414,F,54,48,55,157,1,20,59,80
415,F,70,72,73,215,71,87,85,243
416,M,67,66,34,167,61,71,37,169
417,M,59,57,50,166,31,8,19,58
418,M,60,57,49,166,76,50,48,174
419,F,52,50,46,148,39,27,49,115
420,F,72,66,62,200,44,63,94,201
421,M,60,53,49,162,17,22,35,74
422,F,87,68,78,233,91,88,97,276
423,M,79,62,75,216,62,37,86,185
424,F,62,66,64,192,66,88,38,192
425,M,57,50,57,164,30,22,39,91
426,F,70,68,64,202,93,85,83,261
427,F,70,66,54,190,69,65,59,193
428,M,64,68,57,189,18,54,74,146
429,M,66,74,63,203,91,80,74,245
430,M,62,57,59,178,49,40,62,151
431,M,57,66,42,165,43,83,56,182
432,F,58,55,42,155,36,71,38,145
433,F,52,50,49,151,16,32,56,104
434,F,77,81,60,218,79,37,74,190
435,M,70,89,45,204,48,90,72,210
436,M,68,64,57,189,19,37,72,128
437,F,54,57,64,175,59,75,66,200
438,M,56,56,62,174,57,44,73,174
439,M,57,69,53,179,22,30,14,66
440,F,58,55,60,173,69,3,45,117
441,F,41,48,49,138,56,26,10,92
442,F,60,55,49,164,76,36,18,130
443,M,58,50,54,162,66,56,50,172
444,M,72,62,70,204,88,93,93,274
445,F,68,66,48,182,69,73,23,165
446,F,68,62,82,212,88,96,98,282
447,F,64,66,65,195,100,68,90,258
448,M,52,53,50,155,64,83,23,170
449,M,57,58,48,163,76,90,77,243
450,F,46,53,54,153,15,63,21,99
451,M,62,57,57,176,55,55,57,167
452,F,62,64,54,180,56,99,69,224
453,F,52,50,58,160,62,72,48,182
454,F,64,53,60,177,22,49,81,152
455,M,56,62,50,168,54,75,64,193
456,F,46,44,53,143,36,45,52,133
457,M,54,55,52,161,22,53,25,100
458,M,48,56,54,158,57,60,57,174
459,F,64,58,57,179,67,62,68,197
460,F,60,59,52,171,86,26,42,154
461,F,58,62,43,163,64,54,70,188
462,F,57,66,73,196,50,36,71,157
463,F,62,53,42,157,13,42,5,60
464,F,51,43,52,146,65,71,58,194
465,M,71,69,82,222,86,96,96,278
466,M,55,59,40,154,47,22,49,118
467,F,46,43,39,128,7,41,54,102
468,F,56,62,58,176,71,50,66,187
469,F,50,49,43,142,51,14,53,118
470,M,62,61,48,171,83,74,16,173
471,M,85,72,59,216,70,96,73,239
472,M,52,53,65,170,54,66,73,193
473,M,74,90,60,224,99,100,89,288
474,F,60,59,60,179,44,16,66,126
475,M,64,69,57,190,83,98,36,217
476,M,71,61,68,200,83,90,89,262
477,F,59,55,53,167,65,56,72,193
478,M,57,55,55,167,65,86,76,227
479,M,70,62,50,182,77,57,50,184
480,M,43,44,42,129,27,22,3,52
481,M,41,46,43,130,1,3,45,49
482,M,48,50,50,148,47,19,53,119
483,M,68,66,53,187,86,83,68,237
484,M,52,57,43,152,32,36,49,117
485,M,47,48,57,152,35,91,76,202
486,M,59,64,54,177,92,96,80,268
487,M,47,65,50,162,73,72,69,214
488,F,74,74,78,226,74,89,95,258
489,M,62,58,52,172,71,92,61,224
490,M,60,59,48,167,43,31,40,114
491,M,64,61,55,180,81,9,53,143
492,M,52,57,42,151,36,53,60,149
493,M,64,60,53,177,35,11,71,117
494,F,59,55,52,166,23,38,52,113
495,M,59,53,57,169,47,34,42,123
496,M,57,57,55,169,83,83,81,247
497,F,54,55,48,157,1,34,17,52
498,F,67,64,76,207,73,72,96,241
499,F,53,53,54,160,23,57,66,146
500,F,57,58,52,167,21,44,80,145
501,M,57,52,58,167,51,63,22,136
502,M,52,53,57,162,80,72,78,230
503,M,67,61,58,186,40,55,36,131
504,M,58,58,64,180,91,85,87,263
505,F,62,69,60,191,91,95,79,265
506,F,47,49,55,151,12,20,5,37
507,F,57,57,60,174,60,77,65,202
508,M,62,59,57,178,77,56,53,186
509,F,48,47,53,148,30,30,66,126
510,M,51,56,52,159,16,29,3,48
511,M,62,64,65,191,22,5,63,90
512,M,54,53,53,160,52,84,66,202
513,F,57,53,57,167,46,78,56,180
514,F,53,56,54,163,50,38,83,171
515,M,57,57,60,174,57,63,53,173
516,M,57,60,49,166,59,68,60,187
517,M,52,45,68,165,8,35,80,123
518,F,67,62,57,186,81,88,68,237
519,M,57,47,49,153,50,59,32,141
520,M,50,58,49,157,84,41,49,174
521,M,59,51,43,153,19,49,22,90
522,M,54,57,54,165,65,66,69,200
523,M,47,52,55,154,38,7,29,74
524,M,56,60,57,173,9,80,64,153
525,F,58,53,55,166,55,24,77,156
526,M,46,57,42,145,41,13,1,55
527,F,49,83,59,191,19,23,47,89
528,F,48,50,48,146,4,50,44,98
529,M,58,69,55,182,74,88,41,203
530,M,59,57,58,174,45,55,48,148
531,M,50,53,54,157,17,5,48,70
532,M,64,59,59,182,50,63,77,190
533,F,57,59,55,171,75,83,71,229
534,M,54,53,50,157,42,39,58,139
535,M,68,68,76,212,3,4,93,100
536,M,39,46,43,128,37,49,70,156
537,F,57,61,68,186,59,95,89,243
538,M,62,64,70,196,38,69,90,197
539,M,53,49,42,144,47,50,34,131
540,M,57,49,46,152,60,2,6,68
541,F,35,37,43,115,8,18,1,27
542,M,64,53,46,163,19,72,57,148
543,M,56,53,53,162,23,29,24,76
544,F,56,65,73,194,68,62,76,206
545,M,56,48,58,162,66,9,19,94
546,M,43,52,60,155,15,4,85,104
547,M,74,74,65,213,62,72,92,226
548,M,43,44,54,141,16,10,14,40
549,F,62,59,59,180,7,68,79,154
550,M,57,69,68,194,92,86,69,247
551,F,67,61,50,178,64,72,17,153
552,M,50,55,64,169,47,73,84,204
553,M,50,50,53,153,73,45,55,173
554,M,67,61,53,181,72,79,5,156
555,M,47,43,46,136,48,22,38,108
556,M,67,66,64,197,96,92,75,263
557,M,47,53,50,150,7,22,29,58
558,M,57,59,46,162,9,20,53,82
559,M,68,64,68,200,77,55,83,215
560,M,46,48,57,151,28,29,61,118
561,M,54,52,62,168,41,64,81,186
562,F,62,69,54,185,84,61,81,226
563,M,51,43,48,142,5,41,65,111
564,M,64,64,78,206,76,86,88,250
565,M,72,96,78,246,84,64,88,236
566,F,68,66,67,201,56,70,62,188
567,M,48,42,48,138,33,43,58,134
568,M,52,47,41,140,13,39,29,81
569,M,64,64,60,188,84,69,76,229
570,F,51,50,50,151,68,63,75,206
571,M,64,59,52,175,86,64,21,171
572,F,57,59,67,183,94,45,71,210
573,F,60,57,55,172,37,73,86,196
574,F,51,52,49,152,32,39,61,132
575,F,67,53,64,184,65,37,74,176
576,M,64,66,59,189,82,91,90,263
577,M,64,64,60,188,96,93,79,268
578,M,70,74,80,224,76,97,96,269
579,M,81,96,76,253,100,99,97,296
580,F,67,71,78,216,92,87,94,273
581,F,62,62,48,172,70,72,63,205
582,F,60,61,55,176,19,40,55,114
583,M,57,53,58,168,17,25,68,110
584,M,57,58,64,179,67,78,84,229
585,M,54,53,54,161,90,70,63,223
586,M,57,64,58,179,3,25,31,59
587,F,67,69,62,198,94,90,67,251
588,M,52,52,50,154,26,30,75,131
589,M,51,56,49,156,65,60,61,186
590,M,48,46,54,148,83,1,92,176
591,M,46,50,49,145,57,53,68,178
592,M,52,48,49,149,49,21,17,87
593,F,57,61,49,167,42,57,37,136
594,M,53,61,49,163,67,86,81,234
595,M,48,42,52,142,21,41,35,97
596,M,60,55,65,180,25,42,74,141
597,F,62,59,65,186,68,58,86,212
598,M,70,74,71,215,90,96,89,275
599,M,57,62,53,172,45,86,7,138
600,M,64,61,58,183,28,15,21,64
601,M,52,55,52,159,74,36,62,172
602,M,47,40,46,133,29,23,47,99
603,M,57,62,44,163,91,57,84,232
604,F,51,55,49,155,1,3,17,21
605,F,54,52,53,159,48,20,79,147
606,F,64,57,52,173,32,34,63,129
607,F,56,44,52,152,51,13,42,106
608,F,47,55,43,145,70,50,71,191
609,F,64,62,75,201,60,75,93,228
610,F,47,56,43,146,42,32,62,136
611,M,58,59,58,175,89,28,71,188
612,M,50,55,71,176,26,31,80,137
613,M,47,43,42,132,19,27,34,80
614,M,58,55,57,170,57,54,63,174
615,M,62,62,71,195,92,3,93,188
616,M,58,62,52,172,49,46,78,173
617,M,72,68,68,208,72,43,66,181
618,M,67,72,71,210,98,95,99,292
619,M,44,44,50,138,14,18,40,72
620,F,70,69,64,203,65,79,77,221
621,F,54,69,58,181,75,54,79,208
622,F,79,96,90,265,99,64,94,257
623,M,70,68,50,188,6,3,75,84
624,M,54,62,54,170,63,81,75,219
625,M,49,62,58,169,44,42,64,150
626,M,79,77,71,227,92,96,99,287
627,F,50,49,49,148,56,70,57,183
628,F,68,66,76,210,68,92,97,257
629,F,59,61,46,166,85,82,63,230
630,F,45,50,55,150,34,58,63,155
631,F,49,56,48,153,64,75,28,167
632,M,59,62,67,188,29,75,73,177
633,F,52,55,57,164,56,71,82,209
634,M,47,60,65,172,63,50,78,191
635,M,67,66,80,213,82,92,87,261
636,F,54,62,58,174,65,72,77,214
637,M,74,81,95,250,98,100,96,294
638,M,56,59,76,191,38,13,80,131
639,M,58,53,68,179,14,39,78,131
640,F,70,82,64,216,83,61,93,237
641,F,54,53,54,161,3,27,39,69
642,F,67,77,54,198,73,82,81,236
643,F,67,68,59,194,82,82,67,231
644,F,57,60,50,167,56,51,49,156
645,M,66,69,82,217,51,12,84,147
646,M,58,60,60,178,37,27,88,152
647,M,51,56,42,149,80,61,23,164
648,M,48,52,46,146,44,54,52,150
649,M,55,57,59,171,54,42,73,169
650,M,59,62,59,180,87,69,77,233
651,F,50,59,54,163,61,79,80,220
652,F,64,66,58,188,89,67,77,233
653,M,62,64,49,175,42,4,72,118
654,F,49,50,62,161,9,14,47,70
655,M,45,45,46,136,36,21,56,113
656,M,67,66,52,185,94,97,72,263
657,M,58,47,48,153,59,30,46,135
658,M,51,57,55,163,67,72,88,227
659,M,67,66,70,203,1,19,84,104
660,M,59,64,50,173,45,63,79,187
661,F,62,60,65,187,78,76,79,233
662,F,67,60,64,191,76,73,35,184
663,F,68,68,49,185,37,86,30,153
664,M,51,56,55,162,80,72,73,225
665,M,62,53,82,197,78,79,95,252
666,M,53,64,52,169,96,71,65,232
667,M,74,69,67,210,86,23,81,190
668,M,55,64,67,186,84,16,96,196
669,F,46,43,49,138,22,46,24,92
670,F,46,50,48,144,32,27,11,70
671,F,43,44,50,137,5,45,50,100
672,M,67,71,57,195,79,83,89,251
673,F,70,68,59,197,70,79,85,234
674,M,51,50,46,147,63,89,47,199
675,M,60,66,82,208,85,86,100,271
676,M,60,59,55,174,58,53,81,192
677,F,60,55,52,167,44,70,57,171
678,M,38,48,46,132,41,74,45,160
679,M,57,66,65,188,97,11,62,170
680,M,60,55,49,164,27,7,41,75
681,M,53,62,55,170,31,73,42,146
682,M,67,59,54,180,25,38,51,114
683,F,60,66,59,185,59,80,71,210
684,M,53,50,48,151,54,67,36,157
685,F,55,59,43,157,48,69,47,164
686,M,50,52,55,157,87,65,78,230
687,F,43,50,43,136,5,29,8,42
688,F,48,53,49,150,73,55,52,180
689,M,46,49,40,135,44,8,28,80
690,F,39,50,45,134,11,38,11,60
691,F,64,65,60,189,40,77,74,191
692,F,40,48,44,132,11,7,78,96
693,M,62,59,71,192,30,89,77,196
694,F,54,57,46,157,55,57,91,203
695,F,62,60,57,179,70,78,60,208
696,M,56,64,60,180,85,81,79,245
697,M,68,60,73,201,77,59,75,211
698,M,64,81,75,220,96,91,100,287
699,M,62,69,50,181,76,35,70,181
700,M,45,53,43,141,30,25,58,113
701,M,62,64,71,197,92,90,90,272
702,M,62,66,75,203,87,93,95,275
703,M,56,59,62,177,80,90,82,252
704,F,52,62,46,160,11,33,47,91
705,M,51,57,52,160,65,18,48,131
706,M,59,53,54,166,57,74,57,188
707,M,56,53,60,169,58,70,61,189
708,M,54,55,54,163,22,56,77,155
709,M,62,69,53,184,92,57,71,220
710,F,62,57,52,171,86,78,67,231
711,M,68,66,67,201,64,19,83,166
712,F,60,62,80,202,76,56,93,225
713,M,54,58,52,164,65,23,48,136
714,F,64,55,67,186,26,47,81,154
715,F,55,55,57,167,78,82,81,241
716,F,54,57,60,171,77,49,66,192
717,F,41,45,52,138,31,41,2,74
718,F,47,42,46,135,31,37,4,72
719,F,57,57,53,167,58,73,30,161
720,M,52,57,54,163,58,48,71,177
721,M,48,49,49,146,73,15,75,163
722,M,43,38,46,127,40,32,26,98
723,M,54,56,42,152,27,6,3,36
724,F,50,55,50,155,14,8,27,49
725,M,50,57,54,161,3,17,30,50
726,M,51,53,43,147,13,7,4,24
727,M,28,48,34,110,11,26,69,106
728,M,41,46,35,122,17,28,10,55
729,F,54,53,52,159,59,61,29,149
730,M,62,68,55,185,93,94,59,246
731,F,50,44,41,135,45,31,18,94
732,M,33,46,46,125,45,1,22,68
733,M,58,58,50,166,31,44,15,90
734,F,76,62,78,216,95,61,91,247
735,F,67,69,55,191,4,1,28,33
736,M,57,58,70,185,73,46,90,209
737,M,38,45,41,124,26,30,5,61
738,M,68,60,57,185,69,11,69,149
739,M,52,57,76,185,68,1,88,157
740,F,59,57,52,168,78,27,50,155
741,F,45,45,50,140,44,50,11,105
742,M,47,50,45,142,46,70,39,155
743,F,54,42,45,141,16,28,57,101
744,F,54,52,49,155,4,19,14,37
745,M,60,69,59,188,86,90,76,252
746,M,72,68,58,198,100,99,79,278
747,M,68,76,62,206,88,80,33,201
748,F,71,69,65,205,39,35,88,162
749,M,47,48,54,149,26,24,9,59
750,M,68,66,50,184,59,63,39,161
751,M,48,44,49,141,4,9,56,69
752,M,64,65,73,202,88,86,94,268
753,M,43,49,42,134,36,25,57,118
754,M,53,55,62,170,64,44,24,132
755,F,56,51,50,157,4,12,58,74
756,F,48,45,46,139,1,10,28,39
757,F,52,45,58,155,14,11,60,85
758,F,87,76,82,245,35,94,83,212
759,M,49,53,44,146,4,6,8,18
760,M,74,64,58,196,30,27,46,103
761,M,56,59,58,173,46,74,30,150
762,F,52,48,40,140,36,57,48,141
763,F,62,53,49,164,35,43,48,126
764,F,74,76,85,235,87,94,98,279
765,F,52,49,54,155,73,5,63,141
766,F,57,57,43,157,23,49,5,77
767,F,46,38,50,134,16,14,48,78
768,F,49,49,41,139,29,36,47,112
769,F,55,59,59,173,52,30,45,127
770,M,43,40,46,129,1,5,15,21
771,F,70,76,57,203,85,13,41,139
772,F,74,76,78,228,81,70,96,247
773,M,62,58,46,166,51,21,40,112
774,M,54,50,48,152,20,23,34,77
775,M,60,59,53,172,74,59,30,163
776,F,64,61,46,171,43,80,54,177
777,F,57,61,54,172,30,31,45,106
778,F,72,71,73,216,82,16,78,176
779,F,47,50,42,139,39,23,24,86
780,F,62,62,68,192,83,75,91,249
781,F,79,61,60,200,65,71,82,218
782,F,54,57,54,165,20,12,63,95
783,M,48,45,52,145,27,17,41,85
784,M,59,57,50,166,73,65,38,176
785,F,54,46,70,170,54,57,66,177
786,F,58,64,68,190,27,61,79,167
787,F,45,50,49,144,20,14,38,72
788,F,64,65,59,188,65,27,58,150
789,F,69,65,63,197,69,73,40,182
790,F,72,69,70,211,69,72,83,224
791,F,54,53,45,152,7,2,16,25
792,M,45,50,46,141,3,3,42,48
793,F,54,50,52,156,55,46,62,163
794,M,72,68,68,208,74,79,89,242
795,F,50,46,48,144,4,9,56,69
796,M,42,48,49,139,24,30,19,73
797,M,53,48,44,145,60,23,39,122
798,M,70,69,62,201,71,89,92,252
799,M,64,68,52,184,74,84,61,219
800,M,64,66,80,210,32,92,85,209
801,M,58,52,53,163,41,31,74,146
802,M,49,51,42,142,14,25,10,49
803,M,49,56,49,154,27,50,49,126
804,M,72,62,64,198,99,81,86,266
805,M,53,46,40,139,11,18,45,74
806,M,68,55,50,173,81,83,27,191
807,M,52,47,46,145,10,11,46,67
808,M,57,62,46,165,69,22,78,169
809,M,62,64,46,172,66,91,83,240
810,M,62,59,58,179,49,28,73,150
811,M,60,60,57,177,78,56,37,171
812,M,39,40,38,117,5,26,14,45
813,M,36,44,59,139,2,2,12,16
814,F,64,68,67,199,70,88,68,226
815,M,60,69,46,175,81,9,74,164
816,M,56,57,65,178,83,48,67,198
817,M,62,60,59,181,63,38,44,145
818,M,52,58,49,159,37,42,30,109
819,F,41,44,48,133,2,37,52,91
820,F,85,81,73,239,91,91,90,272
821,M,59,55,60,174,91,2,81,174
822,M,66,96,53,215,90,96,62,248
823,F,53,51,53,157,39,26,27,92
824,M,43,44,46,133,18,27,23,68
825,M,41,40,42,123,38,16,10,64
826,M,56,50,57,163,26,75,36,137
827,F,59,53,59,171,49,27,71,147
828,M,51,48,48,147,4,23,1,28
829,M,50,53,52,155,14,2,69,85
830,M,79,56,82,217,73,80,88,241
831,M,62,59,40,161,81,47,28,156
832,F,57,57,48,162,89,88,40,217
833,M,42,45,42,129,21,45,18,84
834,F,87,77,82,246,28,4,90,122
835,M,71,69,70,210,71,83,91,245
836,F,50,45,38,133,44,27,17,88
837,M,56,62,58,176,54,67,20,141
838,M,57,53,43,153,34,29,33,96
839,M,53,52,53,158,41,58,39,138
840,F,51,44,49,144,48,54,8,110
841,M,50,47,38,135,27,11,21,59
842,M,62,64,48,174,88,82,25,195
843,F,54,49,48,151,29,58,12,99
844,F,48,51,50,149,36,16,48,100
845,F,51,55,73,179,57,88,83,228
846,F,48,44,43,135,2,58,3,63
847,M,48,52,46,146,6,17,34,57
848,M,43,48,53,144,20,28,24,72
849,F,67,74,64,205,88,85,77,250
850,M,89,69,64,222,51,55,55,161
851,M,55,45,54,154,32,30,35,97
852,M,62,57,43,162,64,35,27,126
853,M,51,57,48,156,94,99,64,257
854,F,44,42,41,127,48,39,65,152
855,M,64,64,50,178,79,95,35,209
856,M,41,42,45,128,89,29,42,160
857,F,41,45,48,134,35,24,39,98
858,M,47,53,41,141,64,50,16,130
859,M,70,68,78,216,63,81,98,242
860,M,39,40,43,122,43,1,51,95
861,M,50,53,45,148,12,31,22,65
862,M,59,59,50,168,18,87,59,164
863,M,36,45,45,126,16,13,1,30
864,M,55,55,60,170,84,52,70,206
865,M,48,50,52,150,79,62,67,208
866,M,79,77,78,234,99,99,95,293
867,M,41,53,41,135,50,51,24,125
868,M,58,48,49,155,41,24,28,93
869,F,48,48,46,142,71,60,51,182
870,M,62,57,60,179,91,75,89,255
871,F,54,48,46,148,39,50,8,97
872,F,59,66,60,185,73,78,21,172
873,M,52,46,49,147,8,32,18,58
874,F,45,48,40,133,38,61,19,118
875,F,44,40,43,127,21,41,26,88
876,F,36,42,41,119,1,5,8,14
877,M,57,53,50,160,20,55,38,113
878,F,54,53,49,156,56,53,43,152
879,F,52,50,54,156,39,58,38,135
880,M,60,68,48,176,73,62,78,213
881,F,50,46,40,136,34,1,3,38
882,F,47,47,55,149,65,58,45,168
883,M,46,47,42,135,58,43,16,117
884,F,45,47,41,133,15,18,16,49
885,M,55,51,50,156,76,76,47,199
886,M,59,64,53,176,83,73,42,198
887,M,51,51,57,159,61,75,84,220
888,F,44,43,40,127,33,37,25,95
889,M,52,52,41,145,6,18,3,27
890,M,45,55,50,150,93,73,13,179
891,M,49,52,43,144,61,24,42,127
892,F,64,55,65,184,40,13,87,140
893,F,60,62,76,198,83,81,96,260
894,F,55,42,45,142,51,12,63,126
895,M,52,50,55,157,14,56,52,122
896,F,74,72,62,208,90,82,72,244
897,F,47,53,55,155,47,59,60,166
898,M,64,69,67,200,87,90,91,268
899,M,49,45,65,159,65,27,86,178
900,F,55,64,48,167,4,69,12,85
901,F,64,66,49,179,62,60,53,175
902,M,67,66,76,209,89,1,89,179
903,M,68,62,50,180,81,82,71,234
904,F,68,77,73,218,84,89,93,266
905,M,53,69,57,179,45,3,93,141
906,F,64,61,64,189,87,39,60,186
907,M,59,51,71,181,87,33,91,211
908,M,58,66,68,192,15,59,85,159
909,M,50,42,53,145,17,59,55,131
910,M,64,62,60,186,76,91,72,239
911,M,68,64,73,205,82,97,97,276
912,F,52,50,52,154,53,55,46,154
913,M,45,53,80,178,53,32,85,170
914,M,48,53,58,159,78,85,74,237
915,F,74,64,52,190,98,60,63,221
916,F,62,60,59,181,70,37,80,187
917,F,57,55,57,169,46,43,46,135
918,M,57,66,73,196,92,82,90,264
919,M,54,44,49,147,40,38,44,122
920,M,51,53,58,162,22,1,73,96
921,M,62,58,71,191,15,11,91,117
922,F,60,60,65,185,100,66,67,233
923,F,54,59,50,163,48,20,20,88
924,M,53,52,55,160,57,68,59,184
925,M,54,53,48,155,98,37,59,194
926,M,71,57,76,204,95,93,97,285
927,M,54,52,52,158,52,60,60,172
928,M,62,66,49,177,87,90,40,217
929,M,46,48,42,136,9,28,50,87
930,F,52,57,54,163,78,55,87,220
931,F,58,52,73,183,90,26,87,203
932,M,57,53,52,162,46,79,48,173
933,F,51,51,53,155,10,59,73,142
934,F,59,51,52,162,37,8,49,94
935,F,51,56,52,159,16,53,10,79
936,M,36,38,43,117,10,11,52,73
937,M,51,53,46,150,29,69,8,106
938,F,54,47,49,150,41,64,37,142
939,M,41,42,53,136,5,38,29,72
940,M,36,32,60,128,9,24,3,36
941,M,44,45,52,141,21,14,67,102
942,M,40,30,46,116,3,4,21,28
943,M,45,53,43,141,11,48,11,70
944,M,36,44,41,121,14,59,31,104
945,M,64,53,59,176,65,76,48,189
946,M,85,61,64,210,2,66,74,142
947,M,67,68,53,188,86,57,58,201
948,F,46,51,43,140,31,45,41,117
949,M,72,74,76,222,95,96,92,283
950,M,62,63,62,187,17,7,54,78
951,F,66,65,80,211,76,90,96,262
952,F,67,64,50,181,48,74,64,186
953,M,53,61,49,163,57,80,32,169
954,F,53,53,39,145,49,41,21,111
955,F,56,62,49,167,33,20,52,105
956,F,51,44,35,130,17,29,32,78
957,F,64,66,57,187,3,57,60,120
958,M,64,61,68,193,67,86,87,240
959,F,49,56,57,162,59,64,69,192
960,M,64,61,60,185,82,42,73,197
961,M,62,64,46,172,50,75,75,200
962,M,56,62,64,182,68,28,45,141
963,M,60,59,67,186,85,81,72,238
964,M,62,66,67,195,87,85,95,267
965,M,38,40,54,132,3,26,37,66
966,F,77,72,62,211,88,93,69,250
967,F,62,58,45,165,23,37,39,99
968,M,46,50,45,141,33,31,58,122
969,F,46,59,40,145,44,36,36,116
970,F,56,50,58,164,44,55,36,135
971,M,60,66,60,186,79,100,92,271
972,F,64,59,68,191,80,57,59,196
973,M,64,66,50,180,53,72,53,178
974,F,76,83,46,205,40,66,29,135
975,M,48,48,52,148,34,11,9,54
976,F,59,52,48,159,56,68,65,189
977,M,64,64,57,185,71,90,77,238
978,M,38,38,42,118,6,15,25,46
979,F,66,65,57,188,46,42,62,150
980,F,79,66,100,245,99,89,91,279
981,F,54,66,52,172,4,37,74,115
982,M,57,59,48,164,45,52,58,155
983,M,46,45,46,137,32,39,4,75
984,M,47,47,49,143,20,44,25,89
985,M,67,66,82,215,74,56,91,221
986,M,53,59,62,174,84,95,86,265
987,M,62,61,70,193,51,81,75,207
988,F,51,47,57,155,39,17,68,124
989,M,72,69,75,216,90,77,86,253
990,M,57,52,53,162,35,50,27,112
991,M,48,52,52,152,17,65,56,138
992,M,50,55,52,157,41,64,69,174
993,M,54,53,50,157,47,36,5,88
994,M,52,55,53,160,44,22,38,104
995,F,68,57,52,177,65,44,11,120
996,M,59,64,52,175,75,75,49,199
997,M,79,72,58,209,74,43,74,191
998,F,52,52,60,164,39,55,82,176
999,M,55,48,48,151,33,50,12,95
1000,F,67,59,73,199,88,56,85,229
1001,M,52,53,48,153,67,13,49,129
1002,M,53,40,44,137,32,23,23,78
1003,F,48,51,53,152,31,9,21,61
1004,F,62,58,50,170,51,65,47,163
1005,M,74,81,82,237,97,95,97,289
1006,F,62,66,59,187,89,76,25,190
1007,F,52,65,52,169,24,75,66,165
1008,M,87,76,76,239,70,66,84,220
1009,M,36,47,49,132,3,45,27,75
1010,M,48,47,52,147,15,14,20,49
1011,M,58,65,48,171,57,81,32,170
1012,M,49,48,54,151,29,10,46,85
1013,M,60,71,60,191,63,82,73,218
1014,M,60,64,76,200,59,33,91,183
1015,M,46,42,42,130,18,36,2,56
1016,M,46,49,42,137,26,36,18,80
1017,M,56,65,63,184,86,89,72,247
1018,M,62,62,82,206,94,77,97,268
1019,M,64,69,60,193,100,90,98,288
1020,M,60,58,50,168,65,91,28,184
1021,M,57,60,64,181,87,69,84,240
1022,F,54,50,53,157,16,12,58,86
1023,M,49,56,55,160,4,7,50,61
1024,M,58,56,50,164,49,40,5,94
1025,M,52,65,63,180,68,92,80,240
1026,M,52,53,38,143,11,22,1,34
1027,F,67,72,71,210,68,79,89,236
1028,M,54,59,58,171,73,43,55,171
1029,M,60,57,41,158,61,3,28,92
1030,F,57,66,57,180,43,64,47,154
1031,M,62,66,60,188,90,98,96,284
1032,M,48,53,52,153,49,23,26,98
1033,F,62,57,48,167,45,56,53,154
1034,F,74,56,55,185,65,61,23,149
1035,F,53,45,49,147,29,41,33,103
1036,M,47,53,46,146,70,50,73,193
1037,M,50,57,46,153,37,38,13,88
1038,M,45,50,37,132,6,21,5,32
1039,F,67,74,70,211,51,57,76,184
1040,M,45,50,45,140,77,21,28,126
1041,F,55,53,44,152,37,46,42,125
1042,M,62,64,52,178,62,79,31,172
1043,M,35,51,44,130,45,8,28,81
1044,M,72,56,68,196,66,90,95,251
1045,M,58,62,41,161,32,38,26,96
1046,M,57,52,59,168,44,55,94,193
1047,M,53,55,48,156,8,44,22,74
1048,F,62,55,52,169,63,70,41,174
1049,F,51,52,48,151,24,30,67,121
1050,F,68,64,71,203,71,79,80,230
1051,M,44,50,50,144,16,20,29,65
1052,F,69,71,76,216,96,95,85,276
1053,F,49,51,58,158,55,86,81,222
1054,F,58,69,85,212,86,90,98,274
1055,F,68,61,50,179,98,35,75,208
1056,F,50,52,59,161,48,68,68,184
1057,F,79,89,80,248,91,76,100,267
1058,F,55,60,65,180,62,70,75,207
1059,M,62,62,80,204,16,91,97,204
1060,M,70,66,70,206,51,95,87,233
1061,M,79,66,80,225,83,85,91,259
1062,M,56,68,80,204,94,72,96,262
1063,F,64,62,85,211,76,41,90,207
1064,F,60,58,68,186,85,72,89,246
1065,F,67,66,73,206,89,91,83,263
1066,F,74,77,80,231,94,48,97,239
1067,F,62,59,62,183,65,53,57,175
1068,F,64,61,46,171,36,66,20,122
1069,F,64,59,48,171,60,83,39,182
1070,F,67,64,58,189,15,50,59,124
1071,F,74,76,82,232,94,96,99,289
1072,M,54,52,58,164,80,67,84,231
1073,M,59,59,64,182,80,94,91,265
1074,M,79,74,75,228,94,83,91,268
1075,F,48,53,60,161,1,10,31,42
1076,M,68,64,76,208,2,4,35,41
1077,M,66,69,70,205,88,97,89,274
1078,M,62,57,68,187,67,82,87,236
1079,F,52,55,50,157,4,66,73,143
1080,M,62,55,57,174,39,44,82,165
1081,M,64,64,65,193,96,96,90,282
1082,M,79,90,78,247,69,85,94,248
1083,M,76,74,78,228,88,93,99,280
1084,M,67,69,58,194,48,55,79,182
1085,M,57,66,75,198,89,76,90,255
1086,M,60,65,50,175,93,65,58,216
1087,M,50,53,45,148,71,57,66,194
1088,M,64,64,76,204,83,68,95,246
1089,M,100,90,95,285,96,96,99,291
1090,M,54,55,45,154,34,78,7,119
1091,M,41,40,45,126,5,11,38,54
1092,M,64,61,67,192,59,38,74,171
1093,F,64,72,82,218,87,92,93,272
1094,M,64,68,65,197,73,27,93,193
1095,M,60,68,68,196,95,77,80,252
1096,M,53,53,62,168,15,39,86,140
1097,M,62,66,78,206,66,91,86,243
1098,M,64,71,75,210,78,92,79,249
1099,M,100,89,70,259,84,99,91,274
1100,M,70,74,70,214,89,5,96,190
1101,F,58,59,76,193,83,92,81,256
1102,M,52,51,60,163,59,21,79,159
1103,F,76,69,65,210,99,99,88,286
1104,F,70,68,49,187,92,84,52,228
1105,F,39,44,43,126,1,2,7,10
1106,M,62,72,80,214,62,90,99,251
1107,M,62,48,73,183,87,88,94,269
1108,M,70,64,82,216,95,68,96,259
1109,F,60,53,82,195,1,63,97,161
1110,F,64,64,60,188,92,99,86,277
1111,F,55,62,48,165,78,9,54,141
1112,F,70,59,64,193,88,93,85,266
1113,F,64,72,78,214,86,90,92,268
1114,M,57,58,59,174,91,38,44,173
1115,F,74,57,70,201,95,61,95,251
1116,F,62,76,53,191,94,37,86,217
1117,F,52,57,58,167,58,69,53,180
1118,F,62,69,95,226,83,88,93,264
1119,M,62,69,64,195,89,93,90,272
1120,M,98,68,58,224,79,91,86,256
1121,M,64,66,85,215,87,95,99,281
1122,M,56,68,49,173,95,96,57,248
1123,M,67,62,80,209,75,46,93,214
1124,M,55,60,58,173,52,64,60,176
1125,M,54,65,67,186,82,39,68,189
1126,M,68,72,73,213,74,54,90,218
1127,M,56,59,55,170,100,33,89,222
1128,F,70,72,70,212,96,95,89,280
1129,M,68,76,80,224,96,98,97,291
1130,M,74,66,78,218,74,7,91,172
1131,M,79,71,76,226,89,91,92,272
1132,M,59,62,78,199,37,40,94,171
1133,M,56,69,82,207,86,92,95,273
1134,F,64,66,53,183,42,79,82,203
1135,M,74,59,90,223,81,96,91,268
1136,F,60,64,73,197,97,74,85,256
1137,F,67,71,67,205,77,17,82,176
1138,F,67,72,76,215,80,93,95,268
1139,F,53,55,45,153,14,84,30,128
1140,M,49,38,43,130,10,9,18,37
1141,M,68,64,60,192,91,36,82,209
1142,F,54,56,46,156,30,52,52,134
1143,F,60,57,64,181,75,40,73,188
1144,F,51,64,53,168,38,54,61,153
1145,F,72,66,90,228,97,94,100,291
1146,F,48,52,60,160,94,62,63,219
1147,F,53,56,54,163,56,58,62,176
1148,F,87,81,78,246,100,98,99,297
1149,F,62,61,70,193,89,89,89,267
1150,M,60,58,50,168,73,38,79,190
1151,F,57,53,58,168,57,83,85,225
1152,M,67,69,59,195,78,98,88,264
1153,M,74,76,78,228,97,98,100,295
1154,M,72,74,80,226,95,94,95,284
1155,M,64,62,44,170,87,75,72,234
1156,M,59,62,82,203,91,92,96,279
1157,M,34,26,36,96,12,44,37,93
1158,M,33,32,49,114,45,22,52,119
1159,M,77,90,73,240,98,90,96,284
1160,F,60,66,76,202,25,30,88,143
1161,M,81,74,75,230,49,89,87,225
1162,M,60,69,73,202,85,49,95,229
1163,M,62,60,57,179,93,92,85,270
1164,M,50,62,85,197,70,55,90,215
1165,M,55,55,62,172,73,74,73,220
1166,F,56,53,70,179,4,33,88,125
1167,M,70,58,71,199,84,67,93,244
1168,F,59,61,65,185,77,50,55,182
1169,M,70,71,68,209,82,94,95,271
1170,M,75,71,75,221,81,89,92,262
1171,F,48,52,68,168,92,7,80,179
1172,F,52,58,54,164,4,14,58,76
1173,M,56,65,58,179,10,80,58,148
1174,M,64,66,55,185,94,70,74,238
1175,M,72,74,75,221,96,92,91,279
1176,M,62,57,53,172,36,69,26,131
1177,F,43,50,42,135,54,55,50,159
1178,M,70,64,60,194,64,85,70,219
1179,M,71,76,70,217,98,100,95,293
1180,F,47,45,50,142,43,35,35,113
1181,M,68,71,62,201,93,40,78,211
1182,M,71,61,49,181,85,11,59,155
1183,M,64,62,48,174,46,56,70,172
1184,M,67,64,67,198,42,23,79,144
1185,M,72,83,63,218,84,60,68,212
1186,M,67,71,57,195,94,86,58,238
1187,F,43,49,53,145,14,61,70,145
1188,M,67,62,82,211,85,92,97,274
1189,F,67,76,80,223,31,86,93,210
1190,F,60,69,53,182,89,90,80,259
1191,F,48,45,48,141,46,36,42,124
1192,M,62,62,58,182,76,100,67,243
1193,M,72,64,68,204,90,19,89,198
1194,F,64,50,54,168,76,48,69,193
1195,M,32,35,45,112,49,26,60,135
1196,M,85,71,68,224,45,81,88,214
1197,F,62,58,60,180,71,65,72,208
1198,F,58,58,49,165,64,53,25,142
1199,M,57,62,57,176,75,7,91,173
1200,M,54,53,53,160,98,98,53,249
1201,F,49,48,42,139,42,39,52,133
1202,M,59,53,58,170,55,87,75,217
1203,M,70,66,53,189,42,46,89,177
1204,M,55,59,53,167,70,90,77,237
1205,F,60,52,53,165,77,52,41,170
1206,M,68,66,78,212,84,87,94,265
1207,M,58,55,68,181,29,32,63,124
1208,M,57,57,45,159,93,93,52,238
1209,M,62,65,46,173,26,72,38,136
1210,F,58,60,42,160,50,41,57,148
1211,F,48,55,60,163,54,39,66,159
1212,F,98,82,73,253,94,99,86,279
1213,F,79,77,85,241,93,97,100,290
1214,M,54,62,67,183,71,4,88,163
1215,M,77,89,80,246,91,95,98,284
1216,M,100,77,75,252,96,93,91,280
1217,M,74,72,68,214,94,96,93,283
1218,F,67,64,60,191,94,82,80,256
1219,M,52,60,57,169,65,34,85,184
1220,F,71,69,82,222,92,91,100,283
1221,F,64,62,54,180,70,91,90,251
1222,M,70,89,82,241,84,83,100,267
1223,M,52,53,73,178,45,30,79,154
1224,M,68,68,82,218,58,59,99,216
1225,F,55,62,58,175,56,32,83,171
1226,M,52,49,75,176,4,35,93,132
1227,M,52,62,49,163,5,2,72,79
1228,F,60,48,50,158,52,51,34,137
1229,M,57,69,54,180,62,82,60,204
1230,M,79,74,67,220,99,100,87,286
1231,M,48,57,57,162,59,47,86,192
1232,M,74,69,85,228,100,96,100,296
1233,M,74,68,82,224,97,72,91,260
1234,M,57,57,46,160,53,36,21,110
1235,M,62,53,58,173,61,73,76,210
1236,M,64,66,76,206,1,27,94,122
1237,M,26,35,71,132,66,4,95,165
1238,M,62,53,48,163,50,78,59,187
1239,M,85,81,78,244,98,100,95,293
1240,M,68,60,67,195,14,19,93,126
1241,M,59,58,45,162,43,5,53,101
1242,M,62,66,85,213,90,92,99,281
1243,F,74,90,82,246,98,99,99,296
1244,M,62,66,75,203,84,54,87,225
1245,M,62,83,78,223,74,39,93,206
1246,M,66,69,73,208,92,93,89,274
1247,F,62,57,65,184,74,75,83,232
1248,F,54,50,67,171,60,78,82,220
1249,M,67,66,54,187,62,82,92,236
1250,M,74,66,76,216,89,94,92,275
1251,F,56,58,65,179,26,15,89,130
1252,M,69,74,54,197,40,55,88,183
1253,F,62,64,52,178,77,84,30,191
1254,M,54,55,52,161,76,66,70,212
1255,F,69,83,65,217,85,98,59,242
1256,M,62,59,62,183,83,58,77,218
1257,M,58,53,48,159,60,18,81,159
1258,F,62,65,67,194,67,84,78,229
1259,M,52,58,73,183,66,79,88,233
1260,M,67,71,75,213,96,85,88,269
1261,F,56,62,48,166,57,28,17,102
1262,M,55,57,60,172,98,97,89,284
1263,F,57,58,55,170,81,20,74,175
1264,F,64,55,59,178,65,57,61,183
1265,F,52,48,43,143,44,77,18,139
1266,M,70,77,65,212,79,96,85,260
1267,F,66,62,50,178,48,69,27,144
1268,M,71,69,71,211,73,87,86,246
1269,M,74,81,82,237,88,92,95,275
1270,F,77,68,54,199,86,46,65,197
1271,F,49,59,42,150,50,62,33,145
1272,F,59,59,59,177,77,80,78,235
1273,M,68,77,70,215,52,71,87,210
1274,M,56,57,78,191,73,39,93,205
1275,M,70,83,85,238,97,94,97,288
1276,M,57,71,54,182,66,75,74,215
1277,M,62,64,60,186,80,96,82,258
1278,F,55,59,53,167,52,39,42,133
1279,M,72,71,68,211,100,99,85,284
1280,F,39,42,41,122,100,96,99,295
1281,F,50,55,52,157,27,20,28,75
1282,F,56,59,58,173,72,81,62,215
1283,M,45,42,46,133,11,13,57,81
1284,F,62,64,76,202,73,60,93,226
1285,M,50,50,50,150,61,36,29,126
1286,F,60,53,60,173,38,56,52,146
1287,M,62,64,50,176,32,64,72,168
1288,F,59,64,58,181,73,21,51,145
1289,M,64,72,58,194,95,73,87,255
1290,M,67,60,49,176,100,85,72,257
1291,M,54,57,59,170,40,53,7,100
1292,M,50,48,41,139,7,59,16,82
1293,M,54,53,53,160,16,19,20,55
1294,M,45,47,48,140,16,14,39,69
1295,F,43,50,45,138,29,62,52,143
1296,F,54,52,57,163,64,75,66,205
1297,M,64,71,45,180,63,69,55,187
1298,M,55,50,52,157,6,4,51,61
1299,F,52,50,50,152,27,59,41,127
1300,M,62,57,53,172,81,86,55,222
1301,M,55,49,50,154,5,15,19,39
1302,M,62,57,48,167,79,34,47,160
1303,F,50,64,67,181,65,52,64,181
1304,M,52,48,57,157,45,61,45,151
1305,F,51,37,36,124,4,11,6,21
1306,M,49,50,54,153,79,93,70,242
1307,M,64,59,52,175,6,23,13,42
1308,F,44,44,54,142,26,41,17,84
1309,F,46,49,49,144,14,15,30,59
1310,M,62,59,52,173,35,58,71,164
1311,M,58,66,43,167,48,12,44,104
1312,M,46,46,45,137,66,27,17,110
1313,M,50,47,48,145,6,12,7,25
1314,M,72,65,63,200,90,75,88,253
1315,F,59,59,55,173,58,56,72,186
1316,M,74,68,64,206,100,98,87,285
1317,M,48,53,49,150,6,32,69,107
1318,M,54,62,49,165,32,13,8,53
1319,M,60,64,62,186,85,71,72,228
1320,M,72,68,55,195,83,93,86,262
1321,M,55,55,59,169,31,76,80,187
1322,M,54,64,59,177,20,32,72,124
1323,M,64,66,57,187,84,70,78,232
1324,M,50,42,52,144,69,87,88,244
1325,M,64,74,73,211,89,97,68,254
1326,M,71,81,78,230,86,97,92,275
1327,M,41,45,46,132,21,17,34,72
1328,F,81,65,64,210,73,89,83,245
1329,M,62,65,63,190,76,68,83,227
1330,M,62,60,65,187,86,71,79,236
1331,M,68,57,71,196,61,95,94,250
1332,M,67,61,53,181,33,47,66,146
1333,M,52,55,59,166,13,60,81,154
1334,F,70,66,73,209,85,88,85,258
1335,M,66,74,71,211,1,1,1,3
1336,M,70,68,68,206,94,63,93,250
1337,M,56,52,43,151,27,43,44,114
1338,M,43,42,46,131,12,1,22,35
1339,M,62,62,58,182,51,58,54,163
1340,M,74,100,68,242,88,23,64,175
1341,M,41,47,64,152,13,61,78,152
1342,M,57,51,48,156,13,91,39,143
1343,M,67,62,48,177,57,37,28,122
1344,F,68,64,52,184,89,56,48,193
1345,M,52,50,54,156,50,32,29,111
1346,F,58,59,55,172,73,56,34,163
1347,M,64,69,52,185,44,49,49,142
1348,M,60,64,68,192,94,86,80,260
1349,M,77,82,70,229,98,99,85,282
1350,M,55,57,62,174,50,54,65,169
1351,M,74,69,54,197,79,71,82,232
1352,M,70,64,71,205,85,14,79,178
1353,F,52,53,64,169,52,62,78,192
1354,M,87,77,59,223,88,88,73,249
1355,M,46,46,48,140,1,11,11,23
1356,M,53,69,52,174,38,80,76,194
1357,M,46,42,50,138,27,14,63,104
1358,M,47,46,45,138,13,45,41,99
1359,M,44,43,54,141,19,29,10,58
1360,M,62,58,52,172,93,32,45,170
1361,M,71,76,60,207,55,52,75,182
1362,M,57,57,70,184,36,54,73,163
1363,F,47,44,45,136,43,50,7,100
1364,M,51,37,53,141,31,22,56,109
1365,F,46,46,49,141,34,6,23,63
1366,M,52,59,48,159,51,74,48,173
1367,M,55,46,46,147,16,32,17,65
1368,F,62,61,54,177,19,40,71,130
1369,M,54,52,52,158,32,47,70,149
1370,M,58,50,49,157,30,9,29,68
1371,M,64,69,80,213,73,13,77,163
1372,M,57,59,57,173,6,34,54,94
1373,M,36,42,45,123,32,3,7,42
1374,F,53,50,53,156,64,31,29,124
1375,F,49,42,46,137,49,34,42,125
1376,M,40,40,46,126,9,5,52,66
1377,F,41,35,41,117,35,49,11,95
1378,F,48,50,48,146,16,33,49,98
1379,F,62,56,60,178,43,51,56,150
1380,F,68,58,57,183,82,38,45,165
1381,F,51,51,50,152,66,71,52,189
1382,M,55,58,54,167,39,28,38,105
1383,M,55,53,71,179,63,12,95,170
1384,M,62,62,62,186,1,4,29,34
1385,F,66,69,73,208,89,63,80,232
1386,F,57,59,49,165,31,74,42,147
1387,M,64,68,57,189,59,69,18,146
1388,M,51,48,50,149,5,11,65,81
1389,M,100,76,70,246,100,94,85,279
1390,M,68,69,53,190,94,89,46,229
1391,F,64,59,52,175,57,42,10,109
1392,M,79,64,49,192,39,43,45,127
1393,M,64,66,46,176,70,78,58,206
1394,F,62,59,46,167,45,62,35,142
1395,M,52,49,40,141,7,22,35,64
1396,F,60,55,57,172,59,61,71,191
1397,M,52,59,62,173,21,2,70,93
1398,F,74,66,62,202,87,82,71,240
1399,M,64,74,55,193,91,95,18,204
1400,M,57,50,42,149,36,64,57,157
1401,F,57,57,70,184,70,62,58,190
1402,F,58,62,65,185,51,6,67,124
1403,F,48,45,49,142,7,23,11,41
1404,M,57,59,50,166,72,45,67,184
1405,F,64,45,54,163,86,78,74,238
1406,M,64,59,67,190,58,96,84,238
1407,M,54,57,65,176,76,42,62,180
1408,M,67,64,59,190,96,25,76,197
1409,M,64,66,52,182,59,93,37,189
1410,M,64,69,67,200,44,75,81,200
1411,F,67,55,67,189,68,87,86,241
1412,F,67,68,75,210,76,92,90,258
1413,M,57,60,53,170,77,18,56,151
1414,M,60,69,71,200,95,48,83,226
1415,M,62,61,43,166,88,72,7,167
1416,F,41,40,45,126,29,4,37,70
1417,F,48,42,50,140,2,31,34,67
1418,M,57,66,57,180,75,81,58,214
1419,F,50,52,62,164,27,7,43,77
1420,F,74,76,80,230,74,92,82,248
1421,M,59,60,52,171,62,32,66,160
1422,M,64,53,42,159,17,5,17,39
1423,M,54,50,53,157,85,94,82,261
1424,F,54,57,40,151,35,11,73,119
1425,M,74,62,90,226,97,83,97,277
1426,M,64,60,76,200,97,75,89,261
1427,F,51,56,53,160,56,59,47,162
1428,M,67,69,67,203,93,91,86,270
1429,F,64,66,59,189,96,75,70,241
1430,M,47,48,46,141,40,62,17,119
1431,M,70,58,59,187,83,72,83,238
1432,F,62,50,49,161,40,17,51,108
1433,M,56,59,43,158,86,47,29,162
1434,M,67,62,78,207,99,74,85,258
1435,M,72,64,55,191,76,81,74,231
1436,M,62,61,52,175,86,32,33,151
1437,M,67,64,50,181,81,3,69,153
1438,M,56,83,52,191,85,61,21,167
1439,M,54,50,65,169,37,33,64,134
1440,M,68,57,48,173,10,29,38,77
1441,F,57,55,46,158,26,34,20,80
1442,M,46,43,39,128,16,22,36,74
1443,M,64,69,60,193,59,77,66,202
1444,M,46,49,42,137,66,51,30,147
1445,M,47,47,49,143,42,52,65,159
1446,M,64,69,73,206,77,29,81,187
1447,M,62,68,78,208,81,58,92,231
1448,M,72,66,75,213,71,57,84,212
1449,F,50,52,65,167,23,36,70,129
1450,F,57,59,73,189,13,17,90,120
1451,M,55,57,57,169,69,10,40,119
1452,F,57,55,41,153,16,52,34,102
1453,F,64,59,71,194,65,23,72,160
1454,F,38,40,54,132,13,51,31,95
1455,F,62,62,67,191,84,90,38,212
1456,M,54,61,49,164,82,1,66,149
1457,M,55,66,60,181,97,94,73,264
1458,M,70,62,62,194,72,75,81,228
1459,F,79,74,60,213,98,97,89,284
1460,F,57,50,60,167,43,45,48,136
1461,F,47,42,55,144,3,5,32,40
1462,M,48,48,53,149,20,4,11,35
1463,M,53,48,43,144,28,53,61,142
1464,M,39,47,46,132,15,3,7,25
1465,M,52,50,53,155,40,48,44,132
1466,M,59,60,49,168,59,81,56,196
1467,F,47,53,45,145,6,18,21,45
1468,F,67,57,55,179,58,64,47,169
1469,F,53,43,54,150,36,9,66,111
1470,M,52,50,59,161,67,48,51,166
1471,M,45,44,49,138,35,20,59,114
1472,M,47,50,58,155,45,61,46,152
1473,F,64,52,60,176,29,43,69,141
1474,F,51,55,53,159,48,6,73,127
1475,F,68,60,57,185,45,15,18,78
1476,F,46,48,42,136,46,49,46,141
1477,M,43,45,60,148,38,43,58,139
1478,F,64,60,60,184,47,7,69,123
1479,M,52,50,45,147,82,6,33,121
1480,M,58,65,52,175,72,63,56,191
1481,M,53,46,52,151,45,40,41,126
1482,M,46,60,58,164,45,5,71,121
1483,M,59,59,48,166,59,48,25,132
1484,M,67,60,54,181,67,81,44,192
1485,F,56,49,52,157,27,49,33,109
1486,F,48,57,60,165,55,52,35,142
1487,M,62,71,41,174,67,59,11,137
1488,F,59,64,65,188,97,35,74,206
1489,M,69,74,70,213,75,78,54,207
1490,M,70,66,48,184,74,89,45,208
1491,M,64,57,55,176,32,21,60,113
1492,F,62,59,73,194,59,59,76,194
1493,M,49,40,57,146,8,4,59,71
1494,F,48,44,55,147,45,39,44,128
1495,M,55,69,54,178,82,70,76,228
1496,M,57,55,50,162,75,39,55,169
1497,M,57,60,70,187,69,64,86,219
1498,M,52,47,42,141,28,43,19,90
1499,M,36,48,59,143,7,11,25,43
1500,M,49,48,59,156,44,61,14,119
1501,M,58,55,50,163,56,54,16,126
1502,M,48,44,40,132,23,14,12,49
1503,F,49,45,39,133,66,44,33,143
1504,M,52,52,59,163,5,1,41,47
1505,M,39,53,50,142,41,8,21,70
1506,M,45,47,46,138,2,1,14,17
1507,M,52,59,55,166,66,92,49,207
1508,F,37,45,62,144,14,16,76,106
1509,F,45,45,40,130,43,46,15,104
1510,M,58,57,73,188,91,80,92,263
1511,M,74,82,85,241,99,93,99,291
1512,F,74,74,73,221,89,95,70,254
1513,F,64,61,49,174,63,51,29,143
1514,F,79,83,90,252,97,87,98,282
1515,M,59,50,57,166,71,69,78,218
1516,M,53,53,64,170,54,51,76,181
1517,M,70,66,64,200,85,98,84,267
1518,M,54,52,49,155,61,16,76,153
1519,F,55,59,71,185,61,31,69,161
1520,M,79,89,78,246,83,21,96,200
1521,M,85,77,67,229,85,97,81,263
1522,M,54,57,75,186,62,83,94,239
1523,M,50,59,42,151,62,83,53,198
1524,M,52,56,70,178,59,81,72,212
1525,M,58,66,82,206,6,49,86,141
1526,M,50,53,58,161,33,15,19,67
1527,F,56,58,67,181,74,8,65,147
1528,M,49,53,53,155,7,17,46,70
1529,M,49,50,53,152,53,26,80,159
1530,M,49,59,43,151,32,62,54,148
1531,M,55,57,53,165,46,41,68,155
1532,F,59,59,34,152,33,35,29,97
1533,M,52,44,46,142,14,36,31,81
1534,F,47,56,58,161,23,53,58,134
1535,F,57,53,52,162,22,8,60,90
1536,M,56,43,70,169,24,72,84,180
1537,M,47,52,50,149,46,5,45,96
1538,M,57,55,52,164,77,49,13,139
1539,M,41,42,54,137,20,40,48,108
1540,F,57,62,48,167,52,67,18,137
1541,F,47,57,62,166,59,3,86,148
1542,M,59,52,65,176,100,91,92,283
1543,M,64,64,59,187,62,88,81,231
1544,F,64,62,52,178,96,29,44,169
1545,M,53,57,67,177,76,71,83,230
1546,M,57,59,59,175,20,9,69,98
1547,M,56,69,57,182,72,62,42,176
1548,M,70,66,59,195,47,29,80,156
1549,F,67,64,54,185,56,68,89,213
1550,M,77,66,75,218,95,85,99,279
1551,F,50,52,49,151,58,36,54,148
1552,F,60,55,59,174,27,73,58,158
1553,M,53,57,59,169,93,99,70,262
1554,M,44,45,57,146,61,41,63,165
1555,F,51,53,43,147,27,8,9,44
1556,F,74,69,65,208,98,91,74,263
1557,F,55,61,50,166,37,18,41,96
1558,F,55,51,38,144,23,57,66,146
1559,M,46,57,52,155,41,52,39,132
1560,M,67,64,76,207,79,95,94,268
1561,M,64,52,52,168,49,16,63,128
1562,M,60,59,53,172,60,4,61,125
1563,F,74,77,52,203,97,98,68,263
1564,M,60,61,57,178,86,94,88,268
1565,M,60,69,49,178,60,70,61,191
1566,M,64,66,62,192,85,92,87,264
1567,M,64,58,48,170,74,83,39,196
1568,F,47,53,45,145,61,26,42,129
1569,M,55,57,43,155,21,31,19,71
1570,M,46,45,50,141,20,9,39,68
1571,M,74,72,58,204,83,54,76,213
1572,M,64,61,42,167,53,52,38,143
1573,F,55,69,57,181,59,72,68,199
1574,F,64,74,68,206,81,89,88,258
1575,M,52,57,44,153,53,82,50,185
1576,M,64,60,67,191,75,7,96,178
1577,M,64,64,68,196,28,64,59,151
1578,M,59,51,50,160,82,69,57,208
1579,M,48,52,59,159,33,70,66,169
1580,F,59,57,76,192,71,59,72,202
1581,F,62,53,53,168,58,55,23,136
1582,M,55,55,58,168,77,71,90,238
1583,M,77,89,65,231,98,92,88,278
1584,M,59,57,49,165,60,40,18,118
1585,M,60,64,52,176,74,73,54,201
1586,M,59,52,50,161,43,64,31,138
1587,M,60,58,41,159,81,88,90,259
1588,M,57,53,55,165,52,56,71,179
1589,M,57,53,68,178,51,88,69,208
1590,M,70,72,62,204,32,15,77,124
1591,M,62,64,59,185,95,90,61,246
1592,M,59,55,49,163,52,85,74,211
1593,M,52,53,49,154,62,75,46,183
1594,M,59,68,49,176,89,93,84,266
1595,M,59,64,45,168,31,63,65,159
1596,M,39,48,40,127,1,25,25,51
1597,M,72,58,67,197,96,94,90,280
1598,M,67,71,58,196,85,44,16,145
1599,M,59,55,46,160,46,71,63,180
1600,M,51,52,43,146,37,43,51,131
1601,M,57,61,43,161,97,83,3,183
1602,M,48,42,40,130,40,17,11,68
1603,F,51,59,70,180,3,3,70,76
1604,F,51,53,43,147,8,25,38,71
1605,M,48,45,48,141,19,68,15,102
1606,F,54,57,52,163,90,81,70,241
1607,M,72,71,52,195,86,96,78,260
1608,M,64,59,49,172,72,78,80,230
1609,F,64,56,50,170,97,80,60,237
1610,F,76,83,60,219,78,93,79,250
1611,M,74,71,42,187,82,82,63,227
1612,F,59,60,55,174,55,64,66,185
1613,M,70,64,57,191,89,98,87,274
1614,F,69,74,76,219,96,95,98,289
1615,F,59,57,71,187,48,69,80,197
1616,F,43,42,45,130,28,36,12,76
1617,F,43,50,53,146,18,45,45,108
1618,F,62,57,71,190,32,55,72,159
1619,F,77,68,59,204,87,91,61,239
1620,M,59,49,41,149,33,58,58,149
1621,F,54,53,78,185,44,53,93,190
1622,M,47,50,53,150,81,14,61,156
1623,M,57,51,44,152,31,17,70,118
1624,M,56,66,82,204,66,55,95,216
1625,M,62,65,67,194,55,13,63,131
1626,F,62,62,62,186,86,75,71,232
1627,F,55,58,60,173,87,74,73,234
1628,M,59,52,62,173,75,36,70,181
1629,F,60,53,48,161,32,59,12,103
1630,M,67,72,78,217,63,80,93,236
1631,M,64,72,62,198,93,18,36,147
1632,M,48,48,57,153,64,44,61,169
1633,M,69,83,62,214,98,98,76,272
1634,M,53,55,52,160,50,77,48,175
1635,M,64,62,62,188,88,94,79,261
1636,M,57,55,60,172,28,40,79,147
1637,F,74,66,67,207,96,87,84,267
1638,F,50,53,65,168,7,38,81,126
1639,F,57,64,59,180,25,47,50,122
1640,F,98,71,64,233,70,92,87,249
1641,F,64,69,65,198,96,65,82,243
1642,F,58,69,64,191,50,55,64,169
1643,M,48,50,41,139,17,22,32,71
1644,F,66,65,58,189,86,73,58,217
1645,M,64,61,64,189,69,58,64,191
1646,M,50,53,73,176,40,39,90,169
1647,M,57,52,52,161,77,85,79,241
1648,M,44,36,54,134,53,29,77,159
1649,M,70,71,71,212,96,70,86,252
1650,F,74,89,80,243,100,98,96,294
1651,F,64,57,45,166,27,6,11,44
1652,F,53,55,52,160,59,39,20,118
1653,F,60,59,53,172,23,45,48,116
1654,M,54,55,48,157,7,3,47,57
1655,M,41,44,42,127,46,16,20,82
1656,M,49,38,59,146,24,55,63,142
1657,F,58,74,60,192,91,54,38,183
1658,M,54,60,50,164,61,26,26,113
1659,M,51,65,46,162,66,91,24,181
1660,F,62,69,55,186,74,1,87,162
1661,M,49,57,50,156,22,31,22,75
1662,M,62,64,62,188,76,87,76,239
1663,M,64,66,78,208,72,53,98,223
1664,M,62,74,75,211,81,84,83,248
1665,M,60,57,62,179,52,91,94,237
1666,M,77,68,62,207,98,100,76,274
1667,M,70,72,76,218,100,97,96,293
1668,M,50,55,53,158,58,74,75,207
1669,F,54,53,53,160,54,28,38,120
1670,M,62,66,70,198,73,67,94,234
1671,F,64,57,58,179,25,60,51,136
1672,F,67,59,68,194,55,33,97,185
1673,F,62,64,50,176,70,87,54,211
1674,F,54,66,48,168,35,35,48,118
1675,M,56,62,65,183,55,89,86,230
1676,M,57,59,41,157,4,11,59,74
1677,M,58,62,62,182,57,70,47,174
1678,M,64,64,67,195,82,96,84,262
1679,F,55,64,60,179,62,94,71,227
1680,M,57,58,65,180,51,71,61,183
1681,F,43,40,42,125,22,18,20,60
1682,M,52,53,59,164,8,41,85,134
1683,M,60,59,54,173,17,4,20,41
1684,F,58,60,43,161,66,91,38,195
1685,M,41,34,42,117,44,46,48,138
1686,F,60,69,64,193,73,61,81,215
1687,F,70,62,65,197,62,78,85,225
1688,M,57,53,55,165,44,9,16,69
1689,M,67,64,85,216,58,38,98,194
1690,M,52,49,59,160,61,27,70,158
1691,F,53,57,59,169,98,55,76,229
1692,F,59,44,64,167,21,41,34,96
1693,F,47,48,49,144,51,17,49,117
1694,M,49,52,62,163,74,69,79,222
1695,M,64,48,57,169,84,20,66,170
1696,F,70,59,65,194,83,21,80,184
1697,F,59,64,62,185,75,83,78,236
1698,M,57,55,54,166,26,52,73,151
1699,M,52,65,59,176,57,73,66,196
1700,F,62,68,70,200,83,87,73,243
1701,F,45,53,59,157,17,48,71,136
1702,M,74,76,76,226,87,85,93,265
1703,M,57,59,68,184,67,74,85,226
1704,M,54,55,71,180,34,5,70,109
1705,F,38,42,45,125,57,22,18,97
1706,F,60,64,71,195,75,42,84,201
1707,M,53,50,62,165,64,66,75,205
1708,F,64,66,68,198,92,85,77,254
1709,F,50,50,45,145,47,22,3,72
1710,M,67,68,46,181,46,65,46,157
1711,M,57,53,49,159,62,65,65,192
1712,M,54,53,54,161,5,2,72,79
1713,M,45,65,44,154,49,69,26,144
1714,M,45,50,45,140,9,52,10,71
1715,M,43,38,45,126,11,35,24,70
1716,M,51,61,48,160,13,44,14,71
1717,F,67,59,58,184,97,93,83,273
1718,F,54,50,43,147,48,10,36,94
1719,F,56,55,54,165,27,60,38,125
1720,F,48,48,54,150,10,29,17,56
1721,M,47,57,46,150,72,93,18,183
1722,M,48,48,48,144,41,25,83,149
1723,M,48,48,46,142,43,48,11,102
1724,M,49,59,48,156,61,2,52,115
1725,F,52,42,53,147,8,17,36,61
1726,F,64,72,64,200,85,2,82,169
1727,M,46,55,41,142,62,85,36,183
1728,M,58,59,53,170,51,90,59,200
1729,M,55,66,50,171,68,4,56,128
1730,M,57,59,58,174,44,69,58,171
1731,M,46,40,39,125,9,1,14,24
1732,F,45,46,42,133,45,44,29,118
1733,M,46,52,45,143,19,3,33,55
1734,M,34,37,44,115,2,14,15,31
1735,M,43,42,53,138,50,38,38,126
1736,F,43,44,45,132,20,14,30,64
1737,F,47,50,54,151,16,17,54,87
1738,M,50,38,40,128,2,31,36,69
1739,F,81,69,75,225,90,96,88,274
1740,M,62,62,46,170,37,16,65,118
1741,M,51,37,43,131,49,31,66,146
1742,M,50,47,59,156,42,43,49,134
1743,M,48,50,48,146,13,47,15,75
1744,F,64,59,59,182,24,43,82,149
1745,M,41,42,41,124,15,39,13,67
1746,M,52,44,48,144,10,18,33,61
1747,F,58,53,50,161,48,20,34,102
1748,M,57,59,49,165,36,69,39,144
1749,M,57,55,49,161,79,95,65,239
1750,F,47,55,54,156,22,57,69,148
1751,F,68,71,80,219,91,94,89,274
1752,M,62,51,46,159,49,64,73,186
1753,F,70,74,75,219,88,65,91,244
1754,M,39,42,52,133,8,11,14,33
1755,F,62,69,64,195,58,29,73,160
1756,M,41,42,38,121,6,13,3,22
1757,F,62,66,67,195,85,93,85,263
1758,F,45,50,50,145,52,61,20,133
1759,M,64,64,49,177,74,97,67,238
1760,M,52,49,52,153,14,15,17,46
1761,F,57,57,52,166,12,40,42,94
1762,M,56,60,57,173,59,72,80,211
1763,M,45,48,43,136,2,4,3,9
1764,M,68,68,82,218,79,93,93,265
1765,M,70,62,58,190,91,35,66,192
1766,M,64,72,65,201,97,90,91,278
1767,M,54,53,49,156,1,33,9,43
1768,M,41,50,48,139,66,25,47,138
1769,M,56,66,57,179,78,61,79,218
1770,M,52,57,49,158,3,12,83,98
1771,M,59,66,65,190,83,88,76,247
1772,M,62,59,59,180,66,87,66,219
1773,F,54,56,64,174,33,51,89,173
1774,M,85,89,80,254,97,100,98,295
1775,M,62,69,48,179,78,83,69,230
1776,F,51,48,48,147,4,15,58,77
1777,F,53,48,58,159,79,15,74,168
1778,F,53,61,75,189,72,71,91,234
1779,F,59,59,70,188,98,76,71,245
1780,M,68,66,68,202,74,78,80,232
1781,M,60,66,62,188,96,83,79,258
1782,M,67,64,76,207,52,39,94,185
1783,M,70,61,76,207,77,74,90,241
1784,M,62,64,78,204,90,85,98,273
1785,F,100,77,70,247,96,98,89,283
1786,M,52,52,46,150,27,15,24,66
1787,M,49,53,39,141,36,44,44,124
1788,F,57,50,45,152,56,18,3,77
1789,F,67,62,78,207,88,10,88,186
1790,M,36,44,62,142,6,28,78,112
1791,F,54,52,53,159,46,45,75,166
1792,F,50,50,59,159,42,27,32,101
1793,F,48,52,64,164,80,29,96,205
1794,F,49,52,50,151,2,2,24,28
1795,M,64,72,60,196,84,55,64,203
1796,M,60,60,52,172,59,82,78,219
1797,M,62,66,82,210,5,83,94,182
1798,M,46,61,64,171,15,46,74,135
1799,F,98,90,90,278,97,99,100,296
1800,F,53,59,46,158,57,24,38,119
1801,F,52,50,58,160,66,3,32,101
1802,M,41,35,45,121,25,36,27,88
1803,F,53,58,43,154,24,2,19,45
1804,M,45,49,70,164,46,40,71,157
1805,F,64,66,73,203,69,81,79,229
1806,M,54,48,58,160,39,31,45,115
1807,M,58,62,65,185,80,49,59,188
1808,M,62,64,60,186,65,61,64,190
1809,M,77,72,75,224,93,99,95,287
1810,F,79,66,82,227,83,43,89,215
1811,M,60,55,65,180,67,73,94,234
1812,M,62,66,75,203,93,85,98,276
1813,F,74,68,65,207,88,51,75,214
1814,F,50,53,52,155,60,78,16,154
1815,F,49,53,53,155,22,24,21,67
1816,F,60,57,54,171,75,25,73,173
1817,M,62,53,65,180,84,74,96,254
1818,F,57,50,52,159,68,47,4,119
1819,M,64,64,67,195,92,92,81,265
1820,M,64,53,73,190,90,87,94,271
1821,M,49,59,57,165,18,39,48,105
1822,F,52,52,45,149,28,45,43,116
1823,F,59,60,65,184,88,70,82,240
1824,M,53,48,49,150,40,61,72,173
1825,M,54,52,58,164,51,6,32,89
1826,F,50,53,53,156,79,85,47,211
1827,M,52,45,48,145,50,14,31,95
1828,M,74,74,75,223,88,95,95,278
1829,M,57,55,73,185,67,79,94,240
1830,M,53,59,59,171,9,28,53,90
1831,M,76,69,95,240,72,96,93,261
1832,M,60,66,90,216,96,73,92,261
1833,M,67,64,65,196,59,67,87,213
1834,F,54,55,46,155,39,65,73,177
1835,F,54,58,49,161,75,92,47,214
1836,M,51,43,38,132,1,22,52,75
1837,M,62,59,70,191,65,31,89,185
1838,M,56,56,59,171,32,24,68,124
1839,M,74,59,71,204,85,18,90,193
1840,M,50,49,49,148,28,61,39,128
1841,M,60,62,70,192,57,65,98,220
1842,F,62,55,49,166,32,48,60,140
1843,M,70,64,62,196,63,34,66,163
1844,M,54,65,58,177,51,62,39,152
1845,F,43,45,58,146,16,21,74,111
1846,M,64,64,65,193,65,71,73,209
1847,M,60,65,50,175,76,80,88,244
1848,F,66,83,78,227,99,100,100,299
1849,F,56,58,60,174,54,67,80,201
1850,M,48,47,48,143,21,25,44,90
1851,M,66,69,65,200,100,95,72,267
1852,M,51,50,49,150,25,44,50,119
1853,M,55,62,52,169,47,27,82,156
1854,M,62,59,62,183,31,54,76,161
1855,F,67,60,59,186,73,22,73,168
1856,M,38,35,40,113,7,6,2,15
1857,M,55,49,58,162,24,2,62,88
1858,M,69,71,68,208,97,83,96,276
1859,M,51,56,46,153,63,58,20,141
1860,F,62,55,62,179,69,21,74,164
1861,F,49,55,58,162,88,75,75,238
1862,F,43,48,42,133,59,37,37,133
1863,M,58,53,54,165,35,39,57,131
1864,F,51,49,38,138,9,56,30,95
1865,M,54,48,34,136,82,69,33,184
1866,M,68,64,82,214,98,78,81,257
1867,F,58,62,52,172,84,90,64,238
1868,F,64,58,73,195,71,87,94,252
1869,M,67,66,59,192,67,39,64,170
1870,F,51,47,42,140,19,36,27,82
1871,M,67,69,67,203,54,82,94,230
1872,F,49,51,54,154,48,68,76,192
1873,F,79,82,85,246,81,83,91,255
1874,F,44,43,53,140,7,35,51,93
1875,M,50,53,48,151,27,3,32,62
1876,M,74,89,76,239,98,91,99,288
1877,M,67,66,67,200,71,42,95,208
1878,M,67,68,57,192,81,77,85,243
1879,M,64,57,53,174,2,16,2,20
1880,M,54,50,43,147,35,46,8,89
1881,F,50,47,41,138,21,21,46,88
1882,F,39,42,48,129,23,14,59,96
1883,F,52,53,53,158,16,39,64,119
1884,F,41,40,43,124,23,22,10,55
1885,M,45,47,48,140,20,18,28,66
1886,F,62,60,58,180,69,69,88,226
1887,F,58,62,48,168,18,27,68,113
1888,M,53,57,45,155,43,39,27,109
1889,M,67,68,71,206,82,64,79,225
1890,F,62,64,49,175,60,36,55,151
1891,F,60,65,58,183,46,68,82,196
1892,M,51,57,54,162,70,49,20,139
1893,M,46,46,38,130,24,4,24,52
1894,M,54,57,55,166,26,55,34,115
1895,F,58,48,42,148,12,6,23,41
1896,F,62,62,59,183,87,84,68,239
1897,M,55,55,52,162,46,75,58,179
1898,M,70,61,65,196,57,55,84,196
1899,M,66,62,80,208,95,4,96,195
1900,F,79,76,67,222,98,54,78,230
1901,F,87,64,76,227,60,99,87,246
1902,M,56,53,41,150,71,35,57,163
1903,F,59,55,48,162,71,66,33,170
1904,M,62,53,43,158,92,91,49,232
1905,F,59,58,49,166,49,18,34,101
1906,F,45,56,54,155,50,63,22,135
1907,F,62,59,65,186,71,56,72,199
1908,F,51,61,43,155,61,54,49,164
1909,M,36,42,31,109,1,11,9,21
1910,M,46,42,40,128,12,40,32,84
1911,F,60,59,80,199,86,95,93,274
1912,M,41,40,46,127,48,8,4,60
1913,M,64,66,52,182,44,59,58,161
1914,M,64,66,80,210,62,70,93,225
1915,M,54,42,48,144,2,21,28,51
1916,M,53,56,46,155,27,26,68,121
1917,M,64,60,65,189,83,91,85,259
1918,M,52,53,71,176,54,59,78,191
1919,M,64,83,62,209,85,99,54,238
1920,M,59,62,64,185,76,80,81,237
1921,F,41,53,68,162,66,96,74,236
1922,F,70,66,64,200,92,69,65,226
1923,F,60,64,59,183,26,6,73,105
1924,F,64,64,59,187,64,60,75,199
1925,F,100,83,78,261,96,95,94,285
1926,F,62,53,60,175,46,14,82,142
1927,F,59,61,71,191,31,31,87,149
1928,F,70,77,62,209,94,85,95,274
1929,F,56,43,59,158,43,25,77,145
1930,M,50,52,57,159,59,66,48,173
1931,M,53,58,50,161,27,54,29,110
1932,M,74,64,60,198,57,32,75,164
1933,F,67,74,57,198,47,11,56,114
1934,M,62,66,76,204,94,99,97,290
1935,M,48,49,43,140,8,3,3,14
1936,F,60,45,58,163,88,22,55,165
1937,F,56,59,82,197,45,73,98,216
1938,M,66,69,65,200,73,91,49,213
1939,F,57,64,75,196,66,74,95,235
1940,M,59,53,53,165,57,63,56,176
1941,F,57,64,49,170,72,64,61,197
1942,M,44,45,39,128,27,48,25,100
1943,M,67,77,64,208,88,95,77,260
1944,M,72,71,59,202,64,62,56,182
1945,M,53,46,50,149,73,37,22,132
1946,M,67,62,67,196,100,95,89,284
1947,M,67,66,75,208,61,90,89,240
1948,M,60,58,62,180,55,6,72,133
1949,M,64,62,78,204,85,94,85,264
1950,M,52,53,48,153,75,57,47,179
1951,M,60,62,62,184,68,90,78,236
1952,M,60,63,60,183,80,81,90,251
1953,M,74,69,58,201,76,85,69,230
1954,M,62,69,58,189,31,28,57,116
1955,M,62,66,60,188,46,83,90,219
1956,F,62,59,57,178,45,94,93,232
1957,F,50,58,52,160,52,27,59,138
1958,F,57,53,46,156,61,32,15,108
1959,F,64,64,64,192,43,74,74,191
1960,F,64,64,64,192,71,70,67,208
1961,M,55,55,54,164,50,56,68,174
1962,M,100,82,76,258,97,97,93,287
1963,M,74,71,70,215,76,83,78,237
1964,F,74,74,85,233,96,93,89,278
1965,M,56,55,55,166,12,4,63,79
1966,F,72,69,71,212,92,10,90,192
1967,M,49,51,43,143,35,60,46,141
1968,M,60,60,50,170,42,68,70,180
1969,M,68,64,76,208,72,83,86,241
1970,M,67,66,62,195,72,95,79,246
1971,F,46,42,48,136,46,45,16,107
1972,F,62,55,48,165,19,52,43,114
1973,F,54,51,50,155,30,27,58,115
1974,M,56,62,42,160,36,56,53,145
1975,M,64,65,58,187,82,79,48,209
1976,M,57,58,49,164,10,78,82,170
1977,M,60,53,49,162,44,14,83,141
1978,M,62,55,73,190,52,94,82,228
1979,M,50,50,55,155,21,5,63,89
1980,M,47,49,57,153,2,62,75,139
1981,M,62,61,57,180,59,78,68,205
1982,M,74,68,70,212,92,91,93,276
1983,M,59,58,46,163,70,62,57,189
1984,M,68,66,57,191,99,100,90,289
1985,F,43,45,49,137,17,57,27,101
1986,M,52,50,55,157,42,12,50,104
1987,M,59,56,63,178,92,93,88,273
1988,M,71,59,55,185,78,88,66,232
1989,M,70,64,76,210,93,77,80,250
1990,M,58,69,67,194,75,100,84,259
1991,M,52,52,53,157,16,25,36,77
1992,M,64,65,78,207,69,33,94,196
1993,F,74,71,64,209,75,93,78,246
1994,F,67,69,73,209,93,64,81,238
1995,F,54,59,50,163,50,80,41,171
1996,F,60,64,53,177,52,24,56,132
1997,F,62,64,55,181,87,69,55,211
1998,M,56,52,48,156,49,1,80,130
1999,F,62,49,53,164,25,67,47,139
2000,F,56,51,52,159,45,90,51,186
2001,F,53,55,55,163,29,56,46,131
2002,F,62,69,70,201,83,42,86,211
2003,M,72,74,85,231,100,99,94,293
2004,M,72,71,78,221,89,95,89,273
2005,F,53,60,50,163,55,39,42,136
2006,F,64,81,70,215,83,71,88,242
2007,F,70,66,58,194,96,77,72,245
2008,F,58,51,53,162,58,64,8,130
2009,M,62,69,68,199,56,81,89,226
2010,M,70,66,76,212,91,70,93,254
2011,F,49,53,39,141,28,23,19,70
2012,M,29,0,49,78,30,13,58,101
2013,M,64,66,53,183,78,72,49,199
2014,F,51,52,42,145,14,36,34,84
2015,M,64,76,65,205,80,64,91,235
2016,M,56,52,48,156,89,38,64,191
2017,F,62,66,65,193,86,79,63,228
2018,M,62,57,54,173,20,37,51,108
2019,M,68,68,68,204,80,82,90,252
2020,M,51,48,55,154,2,1,1,4
2021,M,68,61,62,191,94,93,75,262
2022,F,67,69,76,212,75,91,91,257
2023,M,59,62,49,170,36,35,29,100
2024,F,67,74,82,223,69,76,95,240
2025,M,57,69,64,190,88,77,70,235
2026,M,62,66,82,210,67,31,94,192
2027,M,57,61,65,183,61,70,79,210
2028,F,79,68,78,225,94,91,97,282
2029,M,54,52,59,165,48,65,59,172
2030,M,54,50,53,157,28,16,37,81
2031,F,71,59,55,185,88,80,72,240
2032,M,62,60,58,180,59,60,66,185
2033,F,54,53,57,164,58,77,77,212
2034,F,62,64,49,175,41,68,62,171
2035,M,47,52,49,148,9,22,21,52
2036,F,52,43,54,149,14,50,72,136
2037,F,64,74,67,205,65,67,98,230
2038,M,64,62,71,197,80,99,89,268
2039,M,70,71,54,195,78,90,78,246
2040,F,60,57,54,171,78,3,80,161
2041,F,53,53,40,146,24,28,31,83
2042,M,54,60,62,176,93,1,1,95
2043,F,52,59,57,168,94,82,68,244
2044,M,47,61,52,160,86,74,55,215
2045,M,87,69,78,234,89,97,95,281
2046,M,55,56,65,176,83,82,87,252
2047,M,60,64,60,184,56,58,70,184
2048,M,72,77,90,239,98,96,98,292
2049,M,72,66,75,213,34,80,96,210
2050,M,59,52,57,168,22,17,80,119
2051,M,68,74,90,232,89,92,95,276
2052,M,51,55,62,168,61,67,77,205
2053,M,53,48,48,149,5,13,10,28
2054,M,72,62,45,179,55,37,16,108
2055,M,62,52,55,169,51,57,82,190
2056,F,62,55,53,170,41,74,65,180
2057,M,64,68,67,199,93,91,89,273
2058,M,74,69,76,219,100,94,95,289
2059,M,68,77,82,227,83,89,95,267
2060,M,64,68,57,189,94,96,68,258
2061,F,58,60,45,163,89,81,89,259
2062,M,52,53,50,155,45,74,29,148
2063,F,64,58,49,171,88,83,61,232
2064,M,62,53,58,173,32,31,85,148
2065,F,59,69,70,198,56,52,83,191
2066,F,79,55,59,193,95,73,72,240
2067,M,54,50,59,163,52,13,51,116
2068,M,89,96,80,265,100,96,99,295
2069,F,72,68,95,235,89,12,99,200
2070,M,64,66,75,205,93,92,95,280
2071,M,79,77,85,241,90,92,100,282
2072,M,67,64,82,213,89,91,97,277
2073,F,64,57,76,197,67,36,89,192
2074,M,60,58,78,196,86,15,93,194
2075,M,85,69,80,234,97,95,91,283
2076,F,64,57,65,186,70,75,59,204
2077,M,55,57,46,158,28,42,19,89
2078,M,50,53,46,149,47,40,24,111
2079,M,85,72,90,247,98,99,100,297
2080,F,54,59,53,166,26,23,77,126
2081,M,64,69,59,192,96,90,83,269
2082,M,55,60,53,168,35,55,79,169
2083,M,54,55,49,158,41,70,41,152
2084,M,64,68,76,208,63,91,94,248
2085,M,54,61,65,180,82,84,96,262
2086,M,53,55,62,170,72,46,88,206
2087,F,74,66,62,202,89,99,88,276
2088,M,62,62,73,197,67,80,58,205
2089,F,56,57,46,159,51,47,72,170
2090,F,57,53,71,181,49,57,73,179
2091,F,67,69,58,194,100,80,71,251
2092,F,85,66,71,222,95,86,71,252
2093,F,38,42,46,126,12,3,38,53
2094,F,54,59,75,188,25,9,85,119
2095,F,62,62,75,199,53,54,83,190
2096,M,62,57,50,169,99,89,84,272
2097,F,60,57,65,182,2,33,71,106
2098,M,45,52,49,146,35,8,71,114
2099,M,64,64,64,192,78,47,89,214
2100,F,44,50,62,156,19,39,65,123
2101,F,64,66,57,187,56,13,59,128
2102,M,54,57,58,169,35,89,56,180
2103,M,67,71,75,213,49,43,79,171
2104,M,44,50,52,146,2,5,10,17
2105,F,60,57,43,160,45,24,24,93
2106,F,74,74,80,228,96,45,87,228
2107,M,60,64,80,204,97,94,95,286
2108,F,57,64,50,171,74,31,57,162
2109,F,68,69,60,197,68,75,75,218
2110,M,74,62,76,212,61,67,96,224
2111,M,85,82,95,262,99,100,100,299
2112,M,48,50,60,158,4,10,79,93
2113,F,72,66,95,233,100,94,96,290
2114,M,68,68,64,200,79,67,77,223
2115,M,50,55,53,158,43,62,32,137
2116,F,64,59,49,172,91,83,62,236
2117,M,72,96,78,246,99,100,99,298
2118,F,60,60,59,179,77,96,73,246
2119,M,53,48,49,150,49,25,38,112
2120,M,53,59,52,164,62,47,43,152
2121,F,60,59,59,178,45,26,79,150
2122,M,52,57,48,157,76,75,57,208
2123,M,41,49,42,132,28,23,36,87
2124,M,67,66,58,191,72,4,62,138
2125,M,67,66,73,206,89,99,94,282
2126,F,64,69,57,190,31,42,28,101
2127,F,62,57,64,183,45,8,74,127
2128,F,64,60,67,191,88,79,80,247
2129,F,49,48,63,160,68,39,52,159
2130,M,57,61,57,175,98,93,77,268
2131,M,74,83,85,242,100,98,97,295
2132,F,64,64,75,203,88,74,85,247
2133,M,77,76,73,226,95,86,88,269
2134,M,72,69,73,214,90,97,88,275
2135,M,77,74,82,233,84,88,98,270
2136,F,52,66,75,193,92,88,98,278
2137,M,87,81,90,258,100,94,99,293
2138,F,72,68,58,198,69,33,64,166
2139,M,64,61,64,189,77,75,61,213
2140,M,64,62,95,221,99,53,93,245
2141,M,52,50,90,192,58,18,93,169
2142,M,62,57,73,192,83,77,93,253
2143,M,56,55,45,156,59,46,35,140
2144,M,55,64,60,179,93,83,75,251
2145,M,54,59,53,166,83,80,30,193
2146,F,70,69,60,199,74,93,82,249
2147,M,67,60,53,180,71,45,74,190
2148,M,59,64,48,171,57,76,44,177
2149,M,50,55,62,167,77,72,86,235
2150,M,46,50,46,142,27,57,50,134
2151,F,70,81,60,211,85,99,69,253
2152,M,70,66,53,189,98,46,64,208
2153,F,59,64,70,193,86,62,79,227
2154,M,50,49,58,157,24,23,77,124
2155,M,53,53,53,159,80,46,85,211
2156,M,79,71,62,212,87,81,77,245
2157,M,60,57,41,158,63,51,52,166
2158,M,54,51,43,148,11,33,26,70
2159,M,60,61,59,180,51,59,32,142
2160,M,58,53,75,186,86,66,92,244
2161,M,64,62,55,181,90,70,54,214
2162,F,56,53,50,159,31,75,37,143
2163,M,50,58,45,153,14,41,54,109
2164,M,67,53,80,200,96,78,93,267
2165,F,49,50,52,151,41,44,51,136
2166,F,64,68,46,178,77,77,78,232
2167,F,48,36,48,132,9,7,18,34
2168,F,68,72,64,204,93,91,90,274
2169,M,62,62,76,200,85,83,94,262
2170,F,60,59,75,194,79,14,91,184
2171,M,55,64,53,172,48,33,50,131
2172,F,59,53,60,172,45,40,63,148
2173,F,79,77,85,241,97,77,99,273
2174,M,47,53,57,157,82,58,69,209
2175,F,39,48,44,131,36,30,54,120
2176,M,68,60,43,171,56,91,81,228
2177,F,79,77,80,236,95,77,87,259
2178,F,74,69,71,214,79,86,87,252
2179,M,60,58,65,183,37,64,83,184
2180,M,64,66,42,172,59,36,59,154
2181,M,62,65,85,212,76,95,93,264
2182,M,62,53,52,167,30,50,45,125
2183,M,62,64,55,181,38,71,58,167
2184,F,68,68,73,209,89,94,94,277
2185,M,62,68,67,197,74,96,82,252
2186,M,54,57,49,160,62,57,68,187
2187,F,50,46,59,155,40,56,65,161
2188,M,64,68,68,200,93,94,86,273
2189,M,57,59,49,165,59,20,53,132
2190,M,68,66,60,194,87,26,80,193
2191,F,62,66,62,190,82,75,98,255
2192,M,33,40,43,116,17,12,27,56
2193,M,64,69,52,185,46,35,60,141
2194,M,57,61,50,168,58,80,80,218
2195,M,49,58,75,182,71,72,87,230
2196,F,52,50,48,150,29,57,50,136
2197,F,68,59,60,187,63,74,87,224
2198,F,49,50,55,154,21,63,78,162
2199,M,53,65,52,170,23,50,22,95
2200,M,64,74,95,233,86,98,97,281
2201,F,64,66,76,206,65,76,96,237
2202,M,67,58,70,195,61,81,91,233
2203,F,57,64,60,181,54,60,82,196
2204,M,54,57,41,152,24,55,31,110
2205,F,48,59,40,147,59,24,31,114
2206,F,60,58,45,163,49,47,58,154
2207,F,67,64,53,184,52,9,83,144
2208,M,52,50,48,150,61,40,31,132
2209,F,62,66,75,203,77,86,87,250
2210,F,67,53,54,174,83,79,43,205
2211,F,53,53,54,160,25,55,51,131
2212,F,46,48,53,147,62,54,59,175
2213,M,59,58,49,166,57,90,63,210
2214,M,64,66,57,187,75,53,63,191
2215,F,64,72,80,216,84,16,88,188
2216,F,48,50,43,141,16,26,22,64
2217,M,62,62,48,172,68,66,78,212
2218,M,54,52,53,159,74,86,60,220
2219,M,58,57,55,170,12,25,45,82
2220,M,64,64,71,199,92,97,93,282
2221,F,51,56,52,159,66,65,49,180
2222,F,47,43,43,133,5,23,62,90
2223,M,60,57,64,181,32,38,83,153
2224,F,60,57,50,167,70,85,44,199
2225,M,49,53,67,169,65,31,54,150
2226,F,56,59,67,182,97,44,86,227
2227,F,62,64,75,201,92,87,90,269
2228,M,52,53,49,154,65,63,56,184
2229,F,72,59,67,198,71,88,81,240
2230,F,70,58,48,176,31,42,36,109
2231,M,60,65,58,183,89,92,89,270
2232,M,66,53,68,187,33,70,92,195
2233,F,53,53,64,170,43,3,63,109
2234,F,70,57,75,202,84,28,80,192
2235,F,66,74,73,213,47,1,82,130
2236,F,41,48,60,149,32,35,70,137
2237,F,81,83,82,246,87,66,92,245
2238,F,54,59,75,188,56,83,91,230
2239,F,74,69,70,213,74,54,87,215
2240,M,54,49,50,153,38,62,64,164
2241,M,59,61,53,173,90,87,60,237
2242,M,62,68,67,197,78,82,85,245
2243,M,74,90,71,235,92,99,92,283
2244,M,56,53,67,176,58,65,81,204
2245,M,56,52,53,161,49,31,72,152
2246,M,67,71,68,206,95,88,86,269
2247,F,69,65,70,204,89,91,91,271
2248,F,62,96,85,243,98,52,88,238
2249,M,44,45,43,132,15,45,43,103
2250,F,58,58,50,166,65,67,51,183
2251,M,70,62,78,210,85,95,95,275
2252,F,79,74,60,213,72,96,76,244
2253,M,57,59,63,179,43,77,75,195
2254,F,60,59,48,167,68,52,63,183
2255,F,64,76,68,208,77,92,82,251
2256,M,55,64,64,183,75,38,83,196
2257,M,49,50,62,161,69,2,82,153
2258,M,89,96,68,253,80,35,84,199
2259,M,54,56,75,185,63,23,82,168
2260,M,60,53,62,175,65,94,91,250
2261,M,62,57,82,201,88,78,96,262
2262,M,87,77,80,244,93,99,98,290
2263,M,60,76,90,226,87,93,96,276
2264,M,72,69,73,214,99,80,82,261
2265,M,67,61,75,203,96,95,97,288
2266,F,52,52,50,154,45,51,41,137
2267,F,62,71,82,215,97,7,89,193
2268,F,54,50,52,156,17,16,72,105
2269,F,48,45,45,138,76,72,66,214
2270,F,85,77,73,235,74,57,92,223
2271,M,64,62,59,185,95,90,57,242
2272,M,74,74,80,228,87,87,86,260
2273,M,71,72,73,216,40,45,86,171
2274,M,57,59,55,171,80,68,77,225
2275,F,69,69,82,220,89,71,91,251
2276,M,67,59,62,188,43,6,62,111
2277,F,40,34,52,126,37,11,12,60
2278,F,64,62,60,186,77,48,89,214
2279,M,69,83,67,219,93,96,77,266
2280,F,56,62,71,189,80,63,72,215
2281,M,76,69,90,235,87,93,91,271
2282,M,58,64,54,176,79,89,75,243
2283,M,64,68,48,180,60,78,77,215
2284,M,48,46,46,140,23,53,41,117
2285,M,56,59,57,172,18,16,60,94
2286,M,70,69,95,234,72,83,97,252
2287,M,70,82,85,237,71,90,96,257
2288,F,62,55,43,160,60,74,58,192
2289,F,62,62,65,189,97,83,91,271
2290,M,66,69,58,193,70,80,61,211
2291,M,44,45,53,142,41,32,68,141
2292,M,50,58,59,167,82,91,70,243
2293,M,77,72,90,239,81,86,99,266
2294,M,55,59,59,173,76,27,71,174
2295,F,69,53,62,184,75,46,71,192
2296,M,54,59,59,172,17,12,87,116
2297,F,62,56,75,193,75,95,86,256
2298,M,39,42,43,124,34,3,22,59
2299,M,64,66,71,201,85,93,95,273
2300,M,44,51,39,134,9,35,22,66
2301,F,53,49,53,155,12,15,61,88
2302,M,68,66,73,207,97,78,89,264
2303,M,60,62,53,175,63,83,46,192
2304,F,43,45,44,132,12,50,52,114
2305,M,62,64,70,196,58,50,94,202
2306,F,39,48,42,129,43,23,34,100
2307,M,54,56,50,160,69,35,67,171
2308,F,100,83,90,273,100,97,99,296
2309,M,47,50,46,143,27,43,47,117
2310,M,71,72,64,207,74,96,87,257
2311,M,55,50,45,150,38,49,22,109
2312,M,64,65,58,187,56,79,72,207
2313,M,67,64,67,198,99,81,86,266
2314,M,55,61,58,174,69,87,88,244
2315,M,62,69,57,188,47,68,72,187
2316,M,49,53,49,151,9,7,29,45
2317,M,67,66,57,190,28,54,68,150
2318,F,67,61,59,187,83,95,72,250
2319,M,62,53,55,170,42,34,76,152
2320,F,50,50,46,146,16,65,41,122
2321,M,57,57,55,169,1,26,21,48
2322,M,58,56,67,181,74,67,88,229
2323,M,59,64,59,182,54,27,85,166
2324,M,62,62,76,200,82,25,99,206
2325,M,100,96,76,272,59,58,84,201
2326,M,64,64,60,188,59,53,70,182
2327,M,64,69,64,197,57,91,77,225
2328,M,52,55,59,166,58,65,69,192
2329,F,36,47,54,137,72,68,75,215
2330,M,72,62,75,209,98,89,92,279
2331,M,68,66,58,192,99,87,79,265
2332,M,64,59,62,185,64,87,73,224
2333,M,62,69,62,193,96,82,78,256
2334,M,62,68,52,182,66,50,49,165
2335,M,79,82,59,220,90,88,75,253
2336,F,79,59,60,198,73,70,83,226
2337,M,67,65,57,189,92,82,83,257
2338,M,72,71,64,207,98,96,85,279
2339,M,77,82,65,224,62,57,75,194
2340,F,87,66,70,223,89,82,90,261
2341,M,67,71,62,200,75,98,78,251
2342,M,64,60,45,169,37,27,42,106
2343,M,67,61,73,201,58,40,76,174
2344,F,87,65,73,225,65,90,90,245
2345,M,72,74,82,228,87,83,92,262
2346,F,55,57,62,174,20,65,80,165
2347,F,59,66,52,177,73,94,68,235
2348,F,79,69,73,221,74,94,95,263
2349,M,51,48,57,156,28,17,34,79
2350,M,64,64,59,187,97,59,79,235
2351,M,66,74,60,200,92,21,56,169
2352,M,64,96,40,200,49,72,49,170
2353,M,60,65,65,190,38,43,67,148
2354,M,72,66,78,216,99,73,98,270
2355,F,77,74,75,226,96,78,92,266
2356,F,57,55,52,164,61,62,74,197
2357,F,56,65,42,163,9,24,8,41
2358,F,62,55,58,175,84,85,81,250
2359,F,62,60,68,190,90,81,87,258
2360,F,59,60,52,171,81,63,59,203
2361,M,55,48,55,158,26,15,66,107
2362,F,67,90,76,233,99,90,96,285
2363,M,43,42,70,155,31,34,65,130
2364,M,53,45,49,147,41,37,78,156
2365,M,74,82,78,234,100,98,99,297
2366,F,59,59,71,189,71,58,93,222
2367,M,62,61,55,178,71,33,35,139
2368,F,71,53,43,167,49,59,62,170
2369,M,49,60,52,161,83,59,78,220
2370,M,57,55,75,187,71,92,95,258
2371,F,79,81,71,231,75,56,78,209
2372,F,69,83,64,216,95,89,83,267
2373,F,85,68,82,235,86,97,99,282
2374,M,64,59,53,176,22,15,38,75
2375,M,68,66,59,193,97,98,91,286
2376,M,47,52,55,154,67,41,39,147
2377,M,50,55,64,169,49,84,89,222
2378,M,60,74,68,202,87,72,95,254
2379,F,62,60,68,190,68,92,84,244
2380,F,68,61,68,197,84,86,97,267
2381,M,62,62,64,188,90,78,89,257
2382,M,64,65,76,205,83,73,93,249
2383,M,58,60,65,183,37,24,82,143
2384,F,47,48,52,147,72,8,60,140
2385,F,54,50,48,152,46,50,55,151
2386,F,58,45,65,168,86,36,65,187
2387,F,57,56,54,167,12,39,42,93
2388,F,54,55,65,174,70,29,84,183
2389,F,57,55,60,172,65,65,65,195
2390,F,67,64,57,188,77,92,64,233
2391,F,54,57,64,175,72,83,79,234
2392,F,62,64,57,183,9,18,88,115
2393,F,67,69,71,207,92,84,60,236
2394,F,54,62,62,178,64,1,62,127
2395,F,62,62,73,197,72,73,96,241
2396,F,71,81,80,232,99,92,96,287
2397,F,62,60,70,192,74,71,88,233
2398,F,72,74,78,224,100,100,100,300
2399,F,85,74,90,249,97,99,94,290
2400,F,60,60,76,196,93,70,94,257
2401,F,57,64,82,203,84,58,77,219
2402,F,57,55,48,160,23,45,62,130
2403,F,64,62,52,178,58,87,43,188
2404,F,62,64,62,188,64,56,76,196
2405,F,68,62,68,198,61,47,74,182
2406,F,57,57,70,184,59,74,64,197
2407,F,77,66,58,201,73,78,67,218
2408,M,72,77,90,239,87,98,91,276
2409,F,50,59,60,169,25,63,83,171
2410,F,64,62,85,211,81,75,93,249
2411,F,74,65,78,217,85,86,98,269
2412,F,45,49,60,154,19,21,83,123
2413,F,62,66,57,185,34,61,63,158
2414,M,64,59,62,185,72,75,29,176
2415,F,68,68,75,211,87,97,90,274
2416,M,62,53,49,164,51,62,32,145
2417,M,67,69,62,198,94,87,46,227
2418,M,49,57,43,149,40,71,39,150
2419,F,64,62,50,176,82,29,44,155
2420,M,43,52,54,149,34,47,43,124
2421,F,69,62,65,196,90,75,74,239
2422,F,60,72,57,189,94,82,77,253
2423,M,71,66,71,208,94,100,90,284
2424,F,56,57,54,167,84,45,68,197
2425,M,53,51,53,157,8,27,55,90
2426,M,46,52,48,146,71,81,64,216
2427,F,48,49,48,145,53,4,65,122
2428,M,72,77,59,208,82,100,92,274
2429,F,62,72,78,212,98,26,76,200
2430,F,77,82,71,230,87,84,87,258
2431,F,64,55,58,177,53,71,59,183
2432,F,46,53,60,159,76,56,71,203
2433,F,67,69,75,211,70,42,70,182
2434,F,48,46,46,140,20,45,30,95
2435,F,68,66,78,212,72,87,83,242
2436,M,60,69,76,205,77,54,92,223
2437,M,79,76,68,223,80,10,83,173
2438,F,53,53,67,173,4,16,88,108
2439,M,60,96,67,223,63,75,68,206
2440,M,56,48,50,154,16,44,46,106
2441,F,51,55,60,166,29,51,76,156
2442,M,58,53,49,160,56,36,48,140
2443,F,67,66,58,191,80,76,88,244
2444,F,60,72,62,194,68,70,86,224
2445,F,50,55,60,165,67,15,52,134
2446,M,52,50,43,145,80,46,61,187
2447,M,49,43,57,149,24,2,15,41
2448,M,60,61,45,166,77,95,72,244
2449,M,68,72,55,195,88,87,77,252
2450,F,52,50,57,159,34,43,66,143
2451,M,57,58,52,167,67,79,47,193
2452,F,59,61,64,184,44,72,92,208
2453,M,51,48,52,151,30,48,32,110
2454,M,51,55,55,161,27,56,23,106
2455,F,49,50,49,148,34,80,63,177
2456,F,51,59,57,167,51,72,52,175
2457,F,56,53,45,154,33,57,36,126
2458,M,60,68,68,196,4,2,84,90
2459,M,64,71,57,192,75,6,52,133
2460,M,57,59,57,173,22,27,68,117
2461,M,47,48,53,148,76,49,78,203
2462,M,50,52,48,150,54,26,61,141
2463,M,57,52,80,189,92,93,100,285
2464,M,60,69,48,177,69,78,65,212
2465,M,64,64,71,199,91,99,89,279
2466,F,67,72,54,193,53,99,66,218
2467,F,64,59,64,187,65,90,89,244
2468,F,62,66,73,201,88,91,88,267
2469,M,53,51,70,174,2,37,75,114
2470,M,51,52,53,156,14,8,76,98
2471,M,67,68,73,208,64,76,83,223
2472,M,74,64,71,209,66,96,84,246
2473,M,74,68,65,207,90,71,90,251
2474,M,54,57,55,166,30,17,57,104
2475,M,55,50,49,154,40,35,54,129
2476,M,67,64,64,195,82,18,80,180
2477,M,79,74,82,235,78,82,96,256
2478,M,62,64,76,202,78,69,96,243
2479,M,68,62,78,208,81,84,84,249
2480,F,71,69,64,204,52,56,88,196
2481,M,58,60,71,189,50,36,84,170
2482,M,43,50,62,155,24,52,86,162
2483,F,54,53,67,174,12,27,82,121
2484,F,67,62,78,207,44,70,96,210
2485,F,64,74,70,208,78,66,81,225
2486,M,64,57,49,170,79,53,46,178
2487,M,67,71,71,209,68,93,86,247
2488,F,64,69,70,203,62,76,86,224
2489,F,79,77,80,236,100,72,98,270
2490,F,54,55,55,164,32,60,89,181
2491,F,57,50,67,174,73,15,95,183
2492,F,57,64,70,191,63,78,89,230
2493,F,62,59,60,181,86,82,71,239
2494,M,56,51,55,162,41,55,71,167
2495,M,53,69,78,200,48,74,84,206
2496,M,52,55,55,162,69,78,81,228
2497,M,62,66,85,213,92,96,99,287
2498,M,41,47,52,140,70,68,71,209
2499,F,67,81,45,193,86,89,67,242
2500,M,53,52,55,160,5,9,32,46
2501,M,70,69,75,214,78,93,93,264
2502,F,85,77,80,242,98,98,96,292
2503,M,50,52,48,150,11,5,56,72
2504,F,57,64,62,183,89,87,70,246
2505,F,52,58,45,155,37,40,37,114
2506,F,66,62,54,182,98,54,4,156
2507,M,64,68,62,194,90,89,74,253
2508,M,62,64,80,206,70,81,99,250
2509,F,51,62,43,156,15,46,16,77
2510,M,50,55,53,158,53,62,67,182
2511,M,51,76,71,198,81,85,97,263
2512,M,58,55,49,162,73,96,66,235
2513,F,62,68,60,190,90,99,54,243
2514,F,67,66,43,176,95,87,64,246
2515,M,52,50,54,156,97,73,65,235
2516,M,60,62,60,182,47,40,48,135
2517,M,68,68,80,216,93,87,90,270
2518,M,66,56,78,200,76,46,94,216
2519,M,74,76,90,240,96,90,98,284
2520,M,60,60,48,168,44,66,53,163
2521,F,55,52,48,155,35,34,55,124
2522,M,75,61,75,211,76,96,95,267
2523,M,64,71,71,206,94,73,93,260
2524,M,68,72,67,207,76,51,93,220
2525,M,33,45,48,126,11,21,60,92
2526,F,74,68,60,202,87,88,84,259
2527,M,59,55,59,173,86,58,82,226
2528,M,74,72,85,231,83,60,95,238
2529,F,67,66,80,213,57,82,85,224
2530,M,68,61,73,202,55,29,84,168
2531,M,59,52,65,176,60,52,84,196
2532,M,100,77,76,253,72,87,95,254
2533,M,62,64,82,208,57,21,88,166
2534,M,56,49,53,158,79,84,74,237
2535,F,57,62,73,192,83,81,71,235
2536,F,62,57,43,162,49,15,53,117
2537,F,53,55,59,167,35,65,73,173
2538,M,54,55,59,168,62,54,76,192
2539,M,47,48,43,138,51,50,44,145
2540,M,66,69,78,213,47,90,94,231
2541,M,67,72,65,204,76,80,92,248
2542,M,67,66,53,186,80,57,78,215
2543,F,70,76,85,231,98,91,91,280
2544,F,54,34,58,146,23,13,90,126
2545,M,64,61,58,183,88,84,89,261
2546,M,72,69,68,209,95,88,82,265
2547,F,59,55,73,187,67,49,83,199
2548,M,57,60,76,193,65,72,92,229
2549,M,57,52,68,177,18,68,90,176
2550,M,57,52,75,184,63,57,88,208
2551,F,58,58,67,183,54,53,95,202
2552,M,64,58,52,174,93,83,89,265
2553,M,57,55,49,161,64,73,42,179
2554,F,54,53,48,155,21,5,9,35
2555,F,64,69,75,208,88,97,92,277
2556,F,60,61,55,176,88,56,82,226
2557,F,74,60,71,205,76,96,87,259
2558,M,71,69,60,200,95,89,82,266
2559,M,56,72,62,190,2,97,70,169
2560,M,60,61,53,174,80,83,68,231
2561,M,52,64,73,189,59,67,87,213
2562,F,54,53,55,162,60,52,50,162
2563,F,62,62,80,204,73,92,88,253
2564,M,46,44,57,147,29,11,33,73
2565,M,58,53,68,179,47,80,94,221
2566,F,62,69,76,207,92,94,90,276
2567,M,62,64,78,204,86,90,96,272
2568,M,48,59,64,171,71,10,84,165
2569,M,68,59,67,194,94,95,97,286
2570,M,68,58,59,185,93,84,97,274
2571,M,67,71,54,192,98,74,86,258
2572,F,62,57,55,174,71,75,58,204
2573,M,64,62,68,194,98,6,86,190
2574,M,60,64,80,204,91,83,96,270
2575,M,62,61,73,196,61,29,95,185
2576,M,62,53,63,178,65,84,91,240
2577,M,51,62,75,188,82,54,93,229
2578,M,79,66,59,204,95,82,73,250
2579,M,74,74,68,216,98,95,91,284
2580,M,54,53,57,164,65,82,68,215
2581,M,54,57,53,164,63,7,69,139
2582,M,54,53,52,159,88,3,44,135
2583,F,62,52,54,168,76,68,57,201
2584,F,62,60,65,187,91,95,83,269
2585,F,52,58,46,156,36,58,69,163
2586,M,52,52,45,149,63,39,20,122
2587,M,50,50,58,158,8,22,83,113
2588,F,62,66,70,198,86,58,82,226
2589,F,52,48,67,167,87,33,65,185
2590,M,68,72,59,199,93,84,82,259
2591,F,62,66,71,199,68,44,76,188
2592,M,55,59,58,172,32,2,89,123
2593,F,67,77,85,229,97,90,95,282
2594,F,71,68,73,212,91,67,91,249
2595,M,52,57,64,173,76,66,91,233
2596,M,70,62,58,190,53,13,71,137
2597,F,62,66,67,195,59,42,64,165
2598,M,77,69,65,211,72,90,79,241
2599,M,69,69,80,218,69,93,90,252
2600,M,70,66,64,200,58,32,79,169
2601,M,56,64,53,173,77,85,50,212
2602,M,72,65,75,212,80,55,87,222
2603,M,55,52,75,182,63,73,90,226
2604,F,53,59,71,183,86,80,71,237
2605,M,47,46,46,139,18,7,66,91
2606,F,59,52,50,161,76,12,72,160
2607,M,89,96,95,280,98,96,100,294
2608,M,64,71,70,205,87,34,88,209
2609,M,62,66,76,204,76,92,85,253
2610,F,47,46,49,142,23,34,68,125
2611,M,51,53,50,154,32,51,78,161
2612,M,77,77,65,219,86,67,72,225
2613,F,74,77,82,233,94,88,96,278
2614,M,64,66,45,175,84,91,81,256
2615,F,62,56,78,196,94,76,96,266
2616,F,67,66,48,181,96,90,52,238
2617,F,59,53,78,190,51,36,75,162
2618,M,54,57,70,181,67,76,90,233
2619,M,67,71,58,196,85,50,89,224
2620,M,62,48,46,156,56,19,8,83
2621,F,58,69,70,197,75,78,84,237
2622,M,60,58,40,158,70,22,41,133
2623,M,39,57,52,148,1,48,63,112
2624,F,64,64,67,195,73,63,86,222
2625,M,52,57,50,159,72,77,83,232
2626,M,70,68,76,214,79,89,82,250
2627,M,67,74,75,216,82,92,85,259
2628,M,72,71,57,200,95,99,81,275
2629,M,58,65,48,171,56,28,34,118
2630,M,76,69,65,210,85,58,79,222
2631,M,70,59,57,186,71,87,81,239
2632,M,46,46,49,141,9,28,37,74
2633,M,42,56,44,142,26,24,51,101
2634,M,70,76,73,219,82,89,91,262
2635,F,79,66,73,218,100,97,96,293
2636,F,67,66,67,200,71,94,88,253
2637,F,60,53,54,167,68,10,64,142
2638,M,54,48,55,157,23,4,80,107
2639,F,67,64,59,190,48,60,45,153
2640,M,46,52,43,141,82,81,54,217
2641,M,46,48,44,138,35,48,48,131
2642,F,56,59,49,164,27,34,39,100
2643,F,79,71,65,215,99,53,89,241
2644,F,62,52,65,179,78,86,83,247
2645,M,62,62,58,182,19,15,20,54
2646,M,70,61,62,193,95,85,87,267
2647,M,74,71,60,205,82,86,100,268
2648,M,79,76,95,250,94,99,100,293
2649,F,62,64,70,196,76,86,84,246
2650,M,57,52,78,187,61,70,93,224
2651,M,79,72,76,227,61,97,95,253
2652,M,79,68,75,222,81,90,98,269
2653,M,70,81,78,229,98,100,94,292
2654,F,60,65,70,195,100,89,85,274
2655,M,49,52,55,156,62,76,78,216
2656,M,56,69,54,179,92,88,63,243
2657,M,79,69,82,230,71,53,97,221
2658,M,64,61,80,205,97,94,98,289
2659,M,62,62,67,191,64,69,91,224
2660,M,53,56,65,174,36,35,86,157
2661,M,39,48,75,162,43,27,75,145
2662,F,51,53,62,166,23,7,22,52
2663,F,79,61,60,200,84,78,82,244
2664,F,58,65,80,203,88,80,96,264
2665,F,45,45,55,145,32,33,78,143
2666,F,55,62,62,179,86,86,56,228
2667,F,71,63,75,209,77,76,81,234
2668,M,50,57,67,174,24,12,87,123
2669,M,77,72,62,211,60,83,92,235
2670,F,57,59,49,165,11,24,78,113
2671,M,62,59,55,176,50,29,85,164
2672,M,62,55,58,175,81,75,77,233
2673,M,57,53,57,167,53,66,75,194
2674,F,58,66,60,184,95,66,81,242
2675,M,77,69,71,217,96,76,88,260
2676,M,53,55,50,158,12,10,52,74
2677,F,72,69,76,217,86,100,100,286
2678,M,54,59,59,172,54,83,71,208
2679,F,77,77,85,239,97,78,98,273
2680,F,57,50,50,157,31,59,67,157
2681,F,58,50,57,165,24,22,58,104
2682,M,44,45,50,139,61,26,49,136
2683,M,74,76,62,212,70,98,85,253
2684,F,53,59,44,156,56,52,48,156
2685,M,56,50,55,161,45,43,18,106
2686,M,64,72,73,209,82,60,81,223
2687,M,46,55,42,143,29,6,45,80
2688,F,64,83,71,218,72,84,84,240
2689,F,70,76,73,219,81,85,98,264
2690,F,58,59,55,172,26,50,75,151
2691,M,56,57,58,171,32,54,87,173
2692,M,100,81,58,239,96,87,83,266
2693,F,74,72,75,221,97,66,83,246
2694,M,51,52,50,153,8,48,84,140
2695,M,68,64,60,192,92,62,86,240
2696,M,70,81,78,229,84,94,95,273
2697,F,100,83,78,261,92,86,88,266
2698,M,47,48,68,163,43,24,86,153
2699,M,52,55,50,157,46,50,72,168
2700,M,57,64,48,169,14,48,58,120
2701,F,53,72,49,174,47,68,67,182
2702,M,81,74,48,203,97,44,51,192
2703,M,55,64,71,190,93,94,96,283
2704,M,62,68,67,197,78,86,83,247
2705,M,77,81,55,213,85,63,79,227
2706,M,62,62,46,170,47,32,50,129
2707,F,54,53,45,152,44,42,20,106
2708,M,50,53,57,160,53,16,81,150
2709,M,67,69,78,214,83,48,75,206
2710,F,60,60,48,168,33,31,46,110
2711,M,59,52,55,166,18,16,21,55
2712,M,55,58,55,168,32,51,61,144
2713,M,70,71,70,211,83,94,71,248
2714,M,67,64,57,188,63,87,74,224
2715,F,47,51,58,156,97,84,83,264
2716,M,85,71,58,214,60,29,79,168
2717,M,60,53,76,189,69,96,89,254
2718,F,53,55,55,163,69,57,67,193
2719,F,62,60,71,193,69,89,82,240
2720,F,52,53,53,158,1,1,66,68
2721,M,58,53,67,178,38,67,69,174
2722,F,52,53,54,159,29,47,34,110
2723,M,53,58,62,173,93,47,88,228
2724,F,64,66,53,183,89,91,66,246
2725,M,67,71,57,195,36,72,72,180
2726,M,60,69,82,211,86,62,97,245
2727,M,64,66,71,201,88,56,94,238
2728,M,58,59,78,195,67,49,89,205
2729,M,64,72,85,221,99,41,99,239
2730,M,72,83,85,240,94,100,98,292
2731,F,76,65,85,226,96,96,94,286
2732,F,74,71,76,221,70,84,87,241
2733,F,48,46,68,162,1,46,65,112
2734,F,71,72,78,221,82,71,72,225
2735,M,47,45,40,132,34,49,6,89
2736,F,57,58,57,172,85,81,76,242
2737,M,54,52,62,168,34,34,72,140
2738,F,57,53,62,172,72,36,74,182
2739,M,70,69,70,209,99,99,92,290
2740,M,71,64,75,210,95,99,93,287
2741,F,57,61,76,194,58,73,91,222
2742,F,57,52,50,159,30,35,21,86
2743,M,43,42,49,134,22,37,21,80
2744,M,79,96,80,255,97,99,97,293
2745,M,64,66,65,195,95,67,90,252
2746,M,67,71,73,211,95,78,93,266
2747,F,60,61,57,178,47,40,68,155
2748,F,70,66,67,203,83,59,66,208
2749,M,70,64,57,191,80,97,89,266
2750,F,51,46,43,140,25,34,63,122
2751,F,49,50,55,154,33,33,77,143
2752,M,64,59,67,190,43,62,83,188
2753,F,79,66,65,210,88,97,88,273
2754,F,64,59,76,199,89,93,84,266
2755,F,64,74,71,209,66,81,92,239
2756,M,67,56,54,177,91,36,84,211
2757,M,59,62,63,184,79,71,83,233
2758,M,64,64,73,201,42,63,85,190
2759,F,79,77,75,231,85,82,86,253
2760,F,67,66,65,198,79,8,77,164
2761,M,64,64,57,185,54,68,80,202
2762,M,76,74,50,200,100,57,90,247
2763,F,54,55,58,167,44,20,84,148
2764,M,41,47,35,123,22,65,65,152
2765,F,67,64,64,195,70,3,80,153
2766,F,71,66,76,213,94,92,88,274
2767,F,62,66,73,201,31,40,81,152
2768,F,41,44,41,126,29,7,51,87
2769,M,51,59,54,164,81,7,56,144
2770,M,57,51,48,156,18,18,51,87
2771,M,74,65,75,214,99,99,92,290
2772,M,51,51,70,172,86,92,78,256
2773,F,64,69,55,188,98,92,89,279
2774,M,71,76,95,242,100,99,100,299
2775,M,67,61,57,185,76,92,85,253
2776,M,68,64,65,197,85,71,75,231
2777,M,54,51,68,173,55,79,87,221
2778,M,56,53,64,173,52,7,72,131
2779,F,62,57,45,164,64,81,53,198
2780,M,100,83,78,261,96,97,96,289
2781,M,60,57,57,174,54,73,81,208
2782,M,70,81,70,221,91,95,77,263
2783,F,60,62,71,193,69,11,83,163
2784,M,72,64,49,185,15,62,78,155
2785,F,62,65,52,179,78,42,90,210
2786,M,62,55,57,174,70,43,59,172
2787,M,58,53,42,153,79,55,36,170
2788,M,52,60,50,162,69,71,74,214
2789,M,41,48,58,147,31,14,59,104
2790,M,64,62,65,191,11,85,85,181
2791,F,54,53,54,161,4,1,54,59
2792,M,49,59,60,168,66,53,77,196
2793,F,74,71,58,203,79,76,59,214
2794,M,57,62,59,178,57,52,66,175
2795,M,77,66,68,211,70,96,84,250
2796,F,62,61,49,172,66,78,22,166
2797,M,58,62,62,182,88,10,82,180
2798,M,52,55,43,150,15,5,22,42
2799,F,62,66,65,193,81,58,64,203
2800,M,53,57,52,162,26,37,76,139
2801,M,58,53,65,176,36,73,83,192
2802,M,64,66,70,200,49,69,84,202
2803,F,62,62,65,189,95,62,69,226
2804,M,47,44,48,139,22,22,69,113
2805,M,74,72,64,210,85,93,5,183
2806,F,50,52,59,161,25,26,74,125
2807,M,60,57,58,175,66,66,84,216
2808,F,57,57,78,192,62,41,98,201
2809,F,60,57,57,174,70,82,55,207
2810,M,66,65,54,185,42,9,79,130
2811,M,62,74,64,200,89,73,84,246
2812,F,57,60,50,167,44,71,63,178
2813,M,60,64,73,197,54,17,88,159
2814,M,74,74,80,228,91,95,98,284
2815,F,54,57,60,171,27,11,49,87
2816,M,58,56,78,192,83,45,89,217
2817,M,74,81,82,237,96,100,100,296
2818,F,79,83,78,240,92,87,95,274
2819,M,52,50,45,147,21,6,50,77
2820,F,77,64,76,217,87,82,97,266
2821,F,64,64,80,208,94,74,94,262
2822,M,70,72,59,201,70,96,78,244
2823,M,62,60,50,172,73,33,62,168
2824,M,85,66,82,233,92,89,95,276
2825,M,75,78,88,241,100,99,98,297
2826,M,56,55,58,169,58,37,83,178
2827,M,62,62,59,183,64,74,64,202
2828,M,62,64,46,172,63,48,40,151
2829,M,52,48,40,140,4,3,35,42
2830,F,70,76,67,213,93,79,98,270
2831,F,48,53,68,169,59,50,66,175
2832,M,43,52,57,152,31,10,74,115
2833,M,74,77,53,204,91,83,34,208
2834,M,52,53,46,151,11,65,35,111
2835,M,68,64,78,210,18,4,88,110
2836,F,64,71,73,208,74,87,94,255
2837,F,79,72,85,236,55,85,94,234
2838,F,62,69,76,207,99,92,100,291
2839,M,85,76,78,239,98,73,99,270
2840,M,60,62,73,195,28,3,87,118
2841,M,62,61,62,185,32,32,70,134
2842,M,60,57,70,187,94,77,85,256
2843,F,59,61,62,182,85,65,64,214
2844,M,64,72,60,196,74,90,74,238
2845,F,52,55,46,153,36,24,52,112
2846,M,50,40,40,130,49,10,32,91
2847,M,67,60,57,184,77,74,77,228
2848,M,46,61,64,171,21,1,86,108
2849,M,55,62,53,170,22,51,51,124
2850,M,62,68,78,208,93,81,97,271
2851,F,50,46,45,141,41,54,26,121
2852,F,51,43,52,146,19,28,50,97
2853,F,49,47,48,144,3,26,37,66
2854,F,56,55,68,179,72,69,83,224
2855,M,74,69,67,210,92,85,90,267
2856,M,58,55,65,178,61,80,77,218
2857,F,62,83,67,212,89,89,79,257
2858,F,47,48,58,153,41,18,86,145
2859,M,57,55,48,160,62,56,29,147
2860,F,51,55,53,159,72,62,87,221
2861,F,57,60,73,190,44,24,82,150
2862,F,62,58,49,169,37,52,68,157
2863,M,53,52,71,176,52,57,78,187
2864,M,54,53,55,162,71,81,56,208
2865,F,52,55,73,180,88,36,85,209
2866,M,57,53,53,163,3,5,32,40
2867,F,44,52,48,144,6,17,29,52
2868,F,64,64,60,188,44,71,65,180
2869,F,45,50,52,147,66,81,58,205
2870,M,48,55,42,145,8,20,24,52
2871,M,47,44,41,132,26,16,16,58
2872,F,64,64,54,182,81,83,59,223
2873,F,56,53,62,171,8,15,81,104
2874,M,68,64,42,174,6,7,31,44
2875,M,52,57,49,158,42,68,64,174
2876,F,79,69,52,200,94,96,69,259
2877,F,60,53,64,177,71,67,83,221
2878,F,68,71,78,217,99,95,95,289
2879,M,53,66,45,164,48,59,33,140
2880,F,58,65,78,201,85,90,92,267
2881,F,59,52,45,156,39,71,37,147
2882,F,46,53,54,153,74,81,45,200
2883,F,54,58,65,177,80,99,83,262
2884,M,52,53,73,178,78,65,95,238
2885,F,51,51,48,150,1,2,74,77
2886,M,53,53,76,182,52,74,95,221
2887,M,62,55,52,169,70,68,89,227
2888,M,60,59,49,168,75,31,24,130
2889,M,64,64,50,178,58,83,11,152
2890,M,67,64,60,191,82,75,93,250
2891,F,52,59,48,159,18,24,40,82
2892,M,76,83,76,235,100,97,99,296
2893,M,60,58,64,182,98,84,81,263
2894,F,59,57,48,164,71,52,70,193
2895,M,79,66,70,215,89,73,84,246
2896,F,57,56,46,159,52,51,49,152
2897,M,56,57,53,166,81,92,86,259
2898,M,58,65,62,185,64,81,88,233
2899,F,71,64,68,203,66,59,84,209
2900,M,58,61,49,168,36,81,29,146
2901,M,44,49,52,145,4,8,49,61
2902,M,57,57,76,190,77,76,86,239
2903,F,52,57,59,168,79,81,60,220
2904,M,43,56,49,148,12,37,12,61
2905,M,62,76,71,209,79,91,89,259
2906,M,57,64,64,185,63,85,84,232
2907,F,77,81,67,225,88,85,85,258
2908,M,52,66,73,191,86,90,90,266
2909,M,67,62,67,196,70,90,79,239
2910,M,67,68,70,205,69,79,84,232
2911,M,64,68,52,184,74,77,74,225
2912,F,77,76,54,207,94,78,61,233
2913,M,64,66,71,201,99,89,66,254
2914,M,48,48,52,148,72,8,16,96
2915,F,64,72,67,203,100,88,89,277
2916,M,67,66,68,201,92,48,91,231
2917,M,48,46,53,147,44,47,67,158
2918,M,60,58,64,182,65,45,79,189
2919,F,44,40,40,124,21,28,9,58
2920,F,57,59,64,180,68,85,85,238
2921,M,33,38,46,117,68,23,29,120
2922,M,50,48,43,141,77,16,8,101
2923,F,49,53,43,145,25,3,70,98
2924,M,57,59,73,189,63,65,87,215
2925,F,55,53,43,151,6,26,12,44
2926,F,64,64,58,186,84,66,74,224
2927,F,68,57,50,175,71,60,40,171
2928,F,62,53,53,168,20,7,67,94
2929,M,62,57,59,178,81,88,33,202
2930,F,62,62,54,178,74,77,59,210
2931,M,52,51,48,151,41,78,62,181
2932,F,60,64,50,174,36,52,23,111
2933,F,70,89,80,239,97,95,99,291
2934,M,60,55,49,164,54,31,66,151
2935,M,64,64,60,188,38,72,64,174
2936,M,58,69,50,177,79,81,93,253
2937,M,85,74,65,224,84,93,83,260
2938,M,59,57,48,164,25,54,65,144
2939,F,64,66,78,208,69,79,94,242
2940,F,79,83,73,235,96,99,88,283
2941,M,62,62,76,200,52,7,97,156
2942,M,87,81,78,246,97,93,96,286
2943,F,62,61,65,188,69,66,60,195
2944,M,62,58,49,169,90,63,49,202
2945,F,55,53,52,160,15,37,38,90
2946,F,54,53,43,150,30,26,44,100
2947,M,50,44,52,146,56,27,46,129
2948,M,59,53,48,160,32,13,24,69
2949,M,60,65,57,182,89,93,68,250
2950,M,57,58,52,167,27,62,44,133
2951,M,44,44,48,136,34,14,9,57
2952,F,64,58,62,184,84,82,86,252
2953,M,72,74,62,208,99,94,91,284
2954,F,60,55,50,165,21,43,46,110
2955,F,50,42,48,140,6,8,62,76
2956,M,46,44,45,135,16,10,32,58
2957,M,47,47,42,136,54,71,55,180
2958,F,43,55,43,141,23,40,4,67
2959,M,57,76,78,211,88,64,93,245
2960,M,45,55,55,155,45,6,50,101
2961,M,41,40,48,129,43,15,61,119
2962,M,74,59,71,204,97,88,81,266
2963,M,52,47,46,145,18,25,21,64
2964,M,54,46,45,145,47,31,29,107
2965,F,58,56,52,166,40,47,30,117
2966,M,49,56,67,172,93,82,82,257
2967,M,64,66,49,179,58,75,56,189
2968,F,50,42,50,142,5,6,44,55
2969,M,59,50,50,159,43,37,45,125
2970,M,48,57,53,158,29,72,47,148
2971,F,64,68,60,192,65,93,26,184
2972,M,68,55,54,177,77,79,42,198
2973,F,54,52,52,158,63,39,1,103
2974,F,54,60,75,189,46,89,100,235
2975,M,87,74,75,236,90,85,90,265
2976,F,62,69,90,221,76,94,94,264
2977,M,45,45,45,135,51,16,24,91
2978,M,58,64,68,190,63,66,84,213
2979,M,64,66,70,200,41,68,90,199
2980,M,59,59,67,185,77,62,66,205
2981,M,50,62,73,185,62,19,75,156
2982,F,53,55,50,158,63,45,2,110
2983,M,39,42,42,123,29,13,16,58
2984,M,62,53,52,167,43,50,59,152
2985,M,57,61,59,177,56,48,58,162
2986,M,41,42,50,133,27,57,56,140
2987,M,52,59,55,166,65,15,80,160
2988,M,50,50,48,148,11,17,35,63
2989,M,77,64,67,208,97,79,52,228
2990,M,62,60,58,180,82,59,76,217
2991,M,58,52,59,169,7,4,47,58
2992,M,60,66,41,167,93,79,2,174
2993,M,50,45,54,149,65,66,40,171
2994,M,46,53,52,151,32,29,35,96
2995,F,58,56,52,166,14,14,48,76
2996,M,52,69,73,194,56,49,90,195
2997,M,67,64,60,191,31,6,91,128
2998,M,70,72,55,197,85,38,81,204
2999,M,72,64,65,201,77,54,86,217
3000,M,66,59,68,193,64,83,85,232
3001,F,60,58,52,170,71,64,55,190
3002,M,64,61,58,183,81,94,83,258
3003,M,68,62,59,189,62,5,61,128
3004,M,67,62,55,184,56,61,61,178
3005,M,57,59,48,164,41,12,3,56
3006,M,62,59,48,169,76,70,44,190
3007,F,58,59,42,159,40,43,14,97
3008,M,54,52,43,149,39,33,9,81
3009,M,64,66,64,194,91,98,89,278
3010,M,51,52,40,143,39,14,48,101
3011,M,64,62,57,183,87,73,75,235
3012,M,56,60,68,184,66,62,73,201
3013,M,48,45,58,151,48,30,64,142
3014,F,60,58,73,191,78,62,65,205
3015,M,35,26,30,91,32,15,25,72
3016,F,53,53,52,158,18,76,12,106
3017,M,52,48,59,159,49,13,66,128
3018,M,47,55,57,159,61,26,51,138
3019,F,46,59,52,157,68,48,52,168
3020,M,64,66,62,192,45,2,77,124
3021,M,52,55,70,177,33,18,76,127
3022,M,44,45,65,154,46,41,74,161
3023,M,41,40,38,119,15,4,10,29
3024,F,60,61,59,180,65,74,56,195
3025,M,48,47,50,145,38,24,59,121
3026,F,41,42,42,125,36,6,25,67
3027,M,51,53,46,150,43,38,63,144
3028,M,59,68,42,169,79,13,2,94
3029,M,64,55,45,164,48,7,79,134
3030,F,70,61,50,181,26,68,49,143
3031,M,60,60,76,196,84,87,98,269
3032,M,74,68,80,222,90,99,100,289
3033,F,70,72,43,185,65,29,47,141
3034,M,57,59,48,164,40,31,28,99
3035,M,72,66,70,208,74,60,89,223
3036,M,45,45,42,132,36,53,8,97
3037,F,43,47,45,135,32,20,40,92
3038,M,50,48,38,136,52,25,20,97
3039,F,52,57,43,152,44,62,23,129
3040,M,59,55,67,181,58,33,88,179
3041,F,54,55,41,150,58,49,6,113
3042,M,62,58,52,172,46,21,75,142
3043,M,62,62,55,179,88,47,62,197
3044,F,50,50,50,150,50,63,39,152
3045,M,45,47,49,141,14,61,79,154
3046,M,54,55,48,157,44,76,71,191
3047,M,62,64,49,175,53,8,77,138
3048,M,62,58,58,178,83,65,79,227
3049,M,49,53,43,145,28,47,70,145
3050,M,62,57,48,167,35,12,27,74
3051,M,54,52,49,155,26,40,18,84
3052,M,43,50,46,139,14,25,22,61
3053,F,59,59,43,161,48,63,15,126
3054,M,51,59,53,163,70,100,67,237
3055,M,64,66,50,180,53,46,60,159
3056,M,43,50,45,138,15,25,58,98
3057,M,44,56,42,142,55,64,34,153
3058,M,48,57,43,148,40,19,15,74
3059,M,62,68,48,178,98,100,74,272
3060,F,50,47,43,140,15,50,11,76
3061,F,36,29,41,106,8,9,2,19
3062,M,62,60,62,184,79,15,83,177
3063,F,54,46,53,153,65,53,42,160
3064,M,41,50,50,141,48,78,55,181
3065,M,47,51,41,139,39,82,28,149
3066,F,44,52,38,134,56,77,2,135
3067,M,70,66,53,189,90,83,90,263
3068,F,53,53,42,148,36,29,21,86
3069,M,64,61,54,179,48,67,27,142
3070,M,76,69,71,216,43,17,86,146
3071,F,36,36,55,127,47,2,59,108
3072,F,60,57,55,172,38,43,52,133
3073,F,41,44,46,131,45,13,7,65
3074,M,56,57,52,165,55,30,57,142
3075,M,74,77,76,227,90,82,90,262
3076,M,38,40,38,116,4,3,30,37
3077,F,60,60,57,177,59,41,58,158
3078,M,51,53,53,157,19,46,85,150
3079,M,64,69,57,190,41,91,68,200
3080,M,43,55,43,141,61,3,40,104
3081,M,74,71,78,223,89,94,90,273
3082,M,44,53,60,157,28,55,85,168
3083,F,52,55,54,161,56,16,56,128
3084,M,54,66,58,178,98,11,71,180
3085,M,56,61,67,184,97,14,91,202
3086,F,76,74,78,228,98,91,91,280
3087,M,62,64,58,184,67,47,80,194
3088,M,64,69,58,191,93,96,76,265
3089,F,58,69,60,187,73,40,87,200
3090,M,56,57,60,173,23,3,71,97
3091,F,67,71,60,198,73,62,91,226
3092,F,70,66,60,196,68,40,76,184
3093,F,62,61,58,181,65,30,73,168
3094,F,62,65,62,189,51,69,52,172
3095,M,60,66,65,191,79,78,76,233
3096,M,68,62,60,190,75,48,78,201
3097,M,64,60,53,177,54,47,25,126
3098,F,68,64,60,192,45,45,60,150
3099,F,48,40,53,141,64,80,74,218
3100,M,58,56,57,171,26,51,41,118
3101,M,52,53,49,154,49,53,15,117
3102,M,51,57,45,153,34,35,62,131
3103,M,47,48,48,143,38,49,12,99
3104,M,71,69,75,215,95,84,85,264
3105,M,64,69,49,182,18,49,83,150
3106,F,62,61,58,181,70,41,86,197
3107,F,67,77,57,201,63,48,84,195
3108,M,51,52,55,158,46,96,72,214
3109,F,64,64,64,192,65,84,75,224
3110,F,60,66,58,184,81,42,80,203
3111,M,56,52,53,161,50,23,40,113
3112,F,57,52,62,171,48,40,34,122
3113,M,59,57,70,186,24,7,23,54
3114,M,62,66,59,187,57,87,75,219
3115,M,62,61,62,185,86,79,61,226
3116,M,79,71,57,207,68,93,54,215
3117,M,57,53,52,162,48,67,49,164
3118,M,67,69,65,201,4,94,81,179
3119,M,64,53,60,177,94,92,67,253
3120,M,59,59,52,170,54,70,10,134
3121,M,33,40,43,116,21,51,53,125
3122,M,54,56,50,160,37,30,49,116
3123,M,50,53,54,157,70,78,68,216
3124,M,60,55,49,164,80,84,45,209
3125,M,64,66,62,192,61,68,71,200
3126,F,67,68,70,205,92,88,96,276
3127,M,62,65,52,179,12,74,41,127
3128,M,64,57,65,186,74,32,86,192
3129,F,62,52,54,168,33,16,43,92
3130,M,57,55,53,165,30,3,39,72
3131,F,53,60,46,159,10,11,33,54
3132,F,52,50,50,152,80,83,75,238
3133,F,66,83,71,220,50,83,87,220
3134,M,47,48,50,145,21,42,35,98
3135,F,57,62,41,160,61,7,31,99
3136,F,52,50,42,144,28,18,12,58
3137,F,57,62,48,167,62,67,62,191
3138,F,38,45,38,121,8,13,53,74
3139,M,54,61,57,172,75,81,77,233
3140,M,58,69,59,186,27,12,70,109
3141,M,43,44,45,132,41,21,63,125
3142,M,77,68,50,195,12,13,28,53
3143,F,60,66,58,184,85,83,65,233
3144,M,45,40,43,128,34,27,50,111
3145,M,57,64,52,173,57,42,56,155
3146,F,62,57,52,171,83,80,50,213
3147,F,46,50,43,139,25,22,50,97
3148,F,71,55,55,181,37,54,80,171
3149,F,74,56,62,192,45,93,81,219
3150,F,50,50,64,164,66,56,67,189
3151,M,64,69,76,209,34,75,99,208
3152,M,62,68,55,185,67,89,54,210
3153,F,53,59,55,167,81,31,72,184
3154,M,64,64,62,190,78,50,72,200
3155,F,51,46,53,150,56,43,53,152
3156,M,50,47,55,152,51,9,40,100
3157,M,59,74,85,218,96,72,95,263
3158,M,70,69,60,199,90,92,84,266
3159,M,64,66,80,210,92,95,98,285
3160,M,58,59,76,193,69,86,75,230
3161,F,71,64,62,197,39,15,80,134
3162,F,74,72,80,226,100,93,94,287
3163,F,67,76,55,198,97,97,79,273
3164,M,57,62,52,171,87,64,83,234
3165,M,58,57,53,168,83,53,26,162
3166,M,40,34,49,123,6,23,54,83
3167,M,79,81,64,224,60,98,60,218
3168,M,67,64,90,221,99,84,82,265
3169,M,46,65,53,164,31,13,70,114
3170,M,76,65,82,223,87,94,97,278
3171,M,58,57,48,163,43,48,74,165
3172,F,60,65,73,198,71,89,86,246
3173,M,62,61,60,183,69,64,75,208
3174,M,64,74,67,205,86,72,81,239
3175,M,53,53,52,158,61,72,39,172
3176,M,77,72,67,216,62,96,87,245
3177,M,67,66,45,178,97,92,12,201
3178,M,41,42,40,123,6,47,5,58
3179,M,62,61,48,171,37,65,37,139
3180,M,50,53,49,152,72,37,33,142
3181,M,48,40,39,127,19,11,29,59
3182,F,55,50,71,176,64,82,92,238
3183,F,64,69,65,198,54,70,62,186
3184,F,70,64,67,201,89,42,69,200
3185,M,67,71,58,196,87,78,75,240
3186,M,79,69,59,207,95,73,73,241
3187,M,68,62,60,190,82,96,81,259
3188,F,62,64,50,176,68,52,58,178
3189,F,47,56,50,153,48,16,7,71
3190,F,68,62,62,192,44,87,94,225
3191,F,70,100,68,238,72,28,84,184
3192,F,53,59,43,155,7,9,26,42
3193,F,53,43,50,146,26,27,42,95
3194,M,56,45,46,147,33,28,67,128
3195,M,55,48,43,146,25,6,2,33
3196,M,77,69,62,208,93,91,92,276
3197,M,59,47,64,170,66,84,76,226
3198,M,54,57,59,170,27,35,87,149
3199,M,38,52,43,133,21,17,16,54
3200,M,43,45,45,133,44,21,44,109
3201,M,54,56,58,168,86,80,72,238
3202,F,64,66,50,180,19,44,41,104
3203,M,67,77,70,214,60,98,84,242
3204,M,64,60,73,197,88,3,83,174
3205,M,62,81,50,193,61,54,77,192
3206,M,60,48,60,168,43,38,72,153
3207,F,68,68,41,177,58,79,32,169
3208,F,58,59,48,165,79,27,39,145
3209,M,64,64,53,181,10,89,86,185
3210,M,59,62,52,173,74,82,56,212
3211,F,52,55,58,165,52,73,70,195
3212,F,57,59,59,175,77,93,64,234
3213,M,52,53,45,150,53,49,34,136
3214,F,64,69,44,177,43,53,25,121
3215,F,54,53,53,160,55,35,39,129
3216,M,51,57,46,154,66,74,19,159
3217,M,50,50,52,152,6,40,52,98
3218,F,46,52,52,150,64,36,39,139
3219,F,55,62,59,176,45,29,63,137
3220,M,60,58,62,180,36,69,55,160
3221,M,50,55,50,155,61,78,73,212
3222,F,68,57,62,187,67,70,63,200
3223,M,66,56,76,198,47,43,90,180
3224,M,79,72,80,231,100,98,99,297
3225,F,64,56,55,175,88,72,47,207
3226,F,58,59,60,177,56,53,69,178
3227,M,62,57,59,178,96,93,82,271
3228,F,78,78,78,234,98,87,89,274
3229,F,64,59,65,188,99,87,75,261
3230,M,52,58,49,159,29,47,60,136
3231,F,56,55,52,163,50,66,58,174
3232,F,57,62,64,183,91,94,76,261
3233,M,57,61,52,170,57,61,77,195
3234,M,54,48,40,142,58,7,28,93
3235,M,46,53,44,143,17,28,49,94
3236,M,43,49,40,132,16,10,31,57
3237,M,77,68,67,212,96,94,84,274
3238,F,64,61,60,185,88,90,83,261
3239,M,60,72,76,208,95,85,98,278
3240,M,62,58,58,178,72,47,61,180
3241,M,62,65,46,173,59,58,52,169
3242,M,62,58,55,175,85,69,71,225
3243,F,67,64,58,189,85,55,75,215
3244,M,79,74,68,221,70,74,92,236
3245,M,57,64,70,191,62,76,87,225
3246,M,62,59,62,183,49,40,75,164
3247,M,62,55,75,192,72,64,87,223
3248,F,58,57,59,174,55,75,63,193
3249,M,47,52,54,153,60,59,34,153
3250,F,74,68,68,210,94,91,84,269
3251,M,57,52,59,168,71,45,75,191
3252,M,41,44,46,131,38,40,59,137
3253,M,57,69,70,196,71,63,92,226
3254,F,49,50,53,152,51,15,73,139
3255,F,59,59,62,180,84,98,69,251
3256,F,58,65,71,194,36,18,80,134
3257,M,57,56,46,159,69,63,69,201
3258,M,64,60,49,173,91,23,89,203
3259,M,59,69,76,204,61,87,90,238
3260,M,54,52,52,158,13,10,66,89
3261,M,59,59,80,198,92,83,92,267
3262,M,39,38,52,129,15,6,55,76
3263,M,46,44,45,135,25,13,6,44
3264,M,47,49,54,150,90,90,75,255
3265,M,59,64,60,183,50,54,73,177
3266,F,59,57,75,191,72,89,91,252
3267,F,67,62,52,181,84,87,42,213
3268,F,85,76,82,243,83,98,96,277
3269,F,68,62,71,201,47,86,69,202
3270,F,67,74,80,221,100,93,100,293
3271,F,62,55,65,182,70,70,63,203
3272,M,58,59,57,174,11,17,94,122
3273,M,52,60,53,165,88,59,1,148
3274,M,54,60,55,169,71,16,75,162
3275,M,64,61,76,201,75,79,85,239
3276,M,64,62,50,176,14,59,29,102
3277,M,48,48,62,158,49,57,78,184
3278,M,79,71,59,209,75,90,50,215
3279,M,57,65,57,179,70,54,49,173
3280,F,67,68,46,181,79,84,68,231
3281,M,68,61,68,197,62,66,83,211
3282,F,66,69,75,210,74,47,87,208
3283,M,70,59,73,202,77,61,95,233
3284,M,69,69,78,216,100,94,97,291
3285,M,64,62,67,193,98,71,75,244
3286,M,68,64,70,202,54,86,79,219
3287,M,67,64,62,193,83,88,88,259
3288,F,56,55,50,161,86,87,93,266
3289,F,45,47,38,130,12,34,51,97
3290,M,59,57,62,178,89,83,82,254
3291,F,62,57,59,178,61,61,69,191
3292,M,64,66,55,185,72,82,75,229
3293,M,59,55,54,168,85,16,75,176
3294,F,60,57,71,188,61,18,73,152
3295,M,64,64,57,185,79,83,81,243
3296,M,62,69,64,195,91,61,74,226
3297,F,62,52,45,159,36,53,36,125
3298,F,38,42,46,126,39,19,37,95
3299,M,52,57,59,168,40,35,63,138
3300,M,74,100,68,242,92,96,85,273
3301,F,70,74,48,192,74,90,36,200
3302,M,45,42,42,129,86,95,83,264
3303,F,58,52,57,167,64,72,70,206
3304,M,59,62,64,185,78,95,73,246
3305,M,72,74,82,228,96,96,100,292
3306,F,62,66,67,195,69,68,86,223
3307,F,64,81,78,223,98,90,76,264
3308,F,56,57,55,168,19,36,49,104
3309,F,70,64,64,198,85,58,85,228
3310,M,70,61,68,199,76,31,88,195
3311,F,71,89,65,225,98,100,84,282
3312,M,62,69,52,183,78,87,66,231
3313,F,56,50,46,152,67,54,49,170
3314,M,59,69,59,187,98,86,63,247
3315,M,62,56,65,183,95,63,74,232
3316,M,64,64,52,180,66,67,77,210
3317,M,68,62,76,206,3,85,96,184
3318,M,54,52,48,154,36,27,50,113
3319,F,57,50,55,162,11,30,51,92
3320,F,64,64,82,210,87,94,90,271
3321,M,54,53,49,156,34,56,87,177
3322,M,54,55,46,155,34,42,5,81
3323,M,53,50,50,153,55,29,33,117
3324,M,85,81,80,246,96,99,99,294
3325,M,54,53,42,149,26,22,30,78
3326,M,57,52,64,173,55,71,79,205
3327,F,67,57,53,177,37,15,80,132
3328,M,50,57,54,161,37,4,67,108
3329,F,50,49,46,145,30,14,46,90
3330,F,43,42,43,128,22,8,18,48
3331,F,50,52,49,151,56,65,59,180
3332,F,59,52,42,153,71,74,29,174
3333,F,50,42,43,135,21,48,52,121
3334,F,51,62,48,161,45,26,27,98
3335,M,46,48,42,136,25,27,31,83
3336,M,62,59,46,167,76,43,31,150
3337,M,74,77,52,203,15,7,23,45
3338,F,60,56,40,156,9,25,4,38
3339,F,44,57,48,149,63,23,44,130
3340,F,64,57,42,163,13,59,26,98
3341,M,59,59,65,183,75,80,87,242
3342,M,52,55,55,162,67,60,50,177
3343,F,46,52,37,135,21,35,15,71
3344,M,54,66,46,166,5,71,72,148
3345,M,43,52,49,144,13,73,71,157
3346,M,37,48,50,135,33,48,73,154
3347,M,53,50,58,161,34,54,65,153
3348,M,45,49,52,146,50,22,38,110
3349,M,45,52,46,143,25,4,68,97
3350,F,55,57,50,162,18,12,36,66
3351,M,55,59,44,158,14,6,68,88
3352,F,52,45,46,143,45,46,23,114
3353,M,54,57,48,159,36,73,46,155
3354,M,57,55,48,160,69,38,35,142
3355,F,54,59,46,159,41,54,18,113
3356,M,67,64,57,188,77,68,72,217
3357,F,54,59,59,172,41,16,58,115
3358,F,53,48,53,154,67,72,94,233
3359,F,71,69,70,210,97,67,95,259
3360,M,52,52,53,157,75,55,71,201
3361,F,72,74,80,226,96,59,87,242
3362,M,57,64,43,164,90,74,68,232
3363,M,54,50,45,149,5,35,20,60
3364,M,52,52,53,157,53,10,59,122
3365,M,36,45,43,124,35,28,42,105
3366,F,57,55,48,160,20,7,42,69
3367,M,64,55,55,174,61,16,50,127
3368,M,54,50,60,164,82,77,78,237
3369,M,85,81,60,226,88,81,79,248
3370,M,60,69,73,202,72,47,94,213
3371,F,60,55,53,168,88,65,38,191
3372,M,51,43,38,132,30,17,14,61
3373,F,43,46,46,135,20,12,34,66
3374,F,56,55,59,170,83,82,80,245
3375,M,52,57,54,163,24,5,71,100
3376,M,67,66,57,190,91,94,22,207
3377,M,52,60,45,157,34,64,35,133
3378,F,58,59,46,163,77,37,37,151
3379,F,70,66,76,212,99,95,98,292
3380,M,52,62,60,174,89,26,5,120
3381,F,77,72,73,222,51,94,82,227
3382,F,64,64,76,204,55,67,86,208
3383,F,66,65,70,201,83,72,98,253
3384,M,62,64,45,171,47,5,11,63
3385,M,54,55,43,152,49,8,21,78
3386,M,53,62,48,163,23,31,10,64
3387,F,70,59,71,200,41,63,78,182
3388,F,47,45,50,142,1,14,22,37
3389,F,68,64,50,182,87,72,46,205
3390,M,64,57,57,178,96,87,88,271
3391,M,62,48,42,152,61,54,21,136
3392,M,47,50,49,146,52,41,48,141
3393,M,51,60,48,159,59,38,36,133
3394,M,52,53,64,169,62,41,82,185
3395,F,62,64,55,181,13,72,71,156
3396,M,58,61,53,172,69,56,33,158
3397,M,48,46,48,142,52,13,37,102
3398,M,43,47,45,135,86,11,66,163
3399,M,45,47,55,147,32,35,7,74
3400,M,53,52,48,153,72,25,82,179
3401,M,56,57,46,159,20,38,36,94
3402,M,53,65,57,175,62,68,62,192
3403,M,67,66,52,185,91,87,73,251
3404,M,62,61,53,176,86,84,75,245
3405,M,52,55,59,166,57,68,82,207
3406,M,53,55,43,151,38,47,79,164
3407,M,59,62,54,175,75,44,74,193
3408,F,52,55,48,155,76,75,58,209
3409,M,48,49,43,140,26,19,3,48
3410,M,57,52,45,154,16,24,7,47
3411,M,46,47,53,146,9,5,15,29
3412,M,51,48,43,142,45,58,16,119
3413,F,60,57,48,165,28,52,48,128
3414,F,49,49,45,143,39,14,18,71
3415,F,67,64,55,186,92,97,90,279
3416,M,55,57,46,158,91,85,78,254
3417,M,50,47,57,154,20,72,48,140
3418,M,47,42,52,141,32,16,3,51
3419,M,51,53,45,149,20,33,7,60
3420,M,58,55,53,166,48,1,53,102
3421,F,57,57,48,162,17,45,62,124
3422,M,70,82,59,211,82,84,62,228
3423,M,41,50,57,148,5,11,55,71
3424,F,64,69,70,203,98,95,88,281
3425,F,64,64,57,185,29,65,69,163
3426,M,66,74,67,207,80,90,76,246
3427,F,62,64,64,190,91,68,70,229
3428,F,74,68,65,207,21,24,40,85
3429,F,87,76,82,245,63,85,99,247
3430,M,64,62,64,190,83,50,95,228
3431,M,70,83,82,235,92,92,94,278
3432,M,60,59,65,184,43,7,75,125
3433,M,54,60,58,172,4,40,74,118
3434,M,59,52,45,156,7,14,50,71
3435,M,59,62,57,178,16,55,1,72
3436,F,70,83,78,231,85,91,94,270
3437,F,41,52,43,136,4,10,11,25
3438,M,69,96,90,255,93,53,99,245
3439,M,47,44,50,141,12,22,56,90
3440,M,87,74,70,231,84,46,46,176
3441,M,55,53,59,167,87,33,62,182
3442,M,64,59,59,182,75,91,87,253
3443,M,60,60,68,188,88,98,70,256
3444,M,50,53,43,146,74,46,6,126
3445,M,53,49,53,155,55,38,35,128
3446,M,87,82,64,233,97,51,85,233
3447,M,62,55,53,170,54,77,65,196
3448,M,59,64,58,181,87,57,76,220
3449,M,57,61,62,180,55,34,39,128
3450,F,66,69,78,213,51,41,75,167
3451,M,87,69,73,229,69,70,77,216
3452,M,74,66,62,202,24,10,27,61
3453,M,58,65,62,185,38,37,63,138
3454,M,57,62,50,169,80,80,75,235
3455,F,77,69,78,224,72,77,86,235
3456,M,53,64,50,167,53,58,27,138
3457,M,55,51,50,156,26,2,60,88
3458,M,70,71,59,200,65,64,87,216
3459,M,57,55,59,171,26,54,79,159
3460,F,64,71,50,185,73,91,6,170
3461,F,58,57,53,168,39,33,43,115
3462,F,70,59,64,193,73,24,45,142
3463,M,54,44,42,140,4,16,5,25
3464,F,58,59,58,175,53,9,60,122
3465,M,62,69,68,199,73,97,85,255
3466,F,50,43,39,132,81,15,47,143
3467,F,62,61,57,180,55,77,56,188
3468,F,64,58,49,171,22,38,61,121
3469,M,62,60,58,180,73,58,77,208
3470,M,46,52,50,148,23,20,35,78
3471,F,75,71,85,231,93,92,95,280
3472,M,46,45,44,135,22,17,36,75
3473,M,60,69,50,179,82,69,57,208
3474,F,62,96,50,208,75,78,67,220
3475,F,29,29,54,112,11,10,18,39
3476,M,87,72,64,223,84,78,87,249
3477,M,50,48,43,141,27,67,22,116
3478,M,62,55,45,162,56,67,66,189
3479,M,70,57,65,192,68,11,70,149
3480,F,64,61,52,177,94,89,54,237
3481,F,50,50,42,142,30,31,26,87
3482,M,46,50,55,151,7,48,40,95
3483,M,44,46,46,136,35,17,4,56
3484,M,56,55,59,170,96,62,89,247
3485,M,69,59,68,196,84,21,2,107
3486,F,60,57,57,174,77,88,72,237
3487,F,70,66,70,206,82,70,59,211
3488,F,52,50,50,152,32,31,62,125
3489,F,70,66,90,226,31,74,94,199
3490,F,58,57,42,157,67,58,68,193
3491,F,50,53,64,167,76,81,78,235
3492,M,46,44,49,139,60,56,61,177
3493,F,64,60,48,172,22,8,38,68
3494,M,62,48,42,152,21,38,41,100
3495,M,52,48,53,153,74,52,24,150
3496,F,67,64,53,184,66,78,68,212
3497,F,79,68,46,193,89,96,88,273
3498,F,53,66,53,172,59,70,67,196
3499,F,56,59,60,175,79,97,89,265
3500,M,64,61,68,193,83,94,87,264
3501,M,67,62,85,214,59,85,99,243
3502,M,55,52,64,171,76,41,29,146
3503,M,58,64,62,184,53,71,80,204
3504,F,79,77,82,238,69,88,93,250
3505,M,51,55,53,159,22,57,59,138
3506,F,57,53,57,167,61,34,90,185
3507,F,62,68,60,190,39,54,89,182
3508,M,45,40,43,128,19,28,8,55
3509,M,49,53,48,150,11,31,60,102
3510,M,68,59,57,184,88,88,25,201
3511,F,43,52,46,141,41,25,27,93
3512,F,51,55,50,156,45,12,28,85
3513,M,64,55,60,179,82,69,82,233
3514,M,70,76,62,208,71,100,81,252
3515,M,60,83,36,179,86,98,18,202
3516,F,69,71,76,216,67,84,94,245
3517,M,57,58,55,170,63,68,67,198
3518,F,52,53,50,155,75,58,51,184
3519,F,50,42,49,141,49,53,53,155
3520,F,64,69,73,206,49,94,92,235
3521,F,54,53,49,156,18,72,67,157
3522,M,46,53,70,169,10,29,81,120
3523,M,70,64,65,199,3,3,93,99
3524,M,60,60,67,187,55,65,69,189
3525,F,69,74,95,238,95,82,98,275
3526,F,62,77,52,191,88,92,81,261
3527,F,64,58,57,179,52,41,62,155
3528,M,57,62,53,172,79,45,50,174
3529,M,79,69,55,203,46,28,72,146
3530,F,58,46,59,163,86,67,44,197
3531,F,55,61,75,191,94,67,81,242
3532,M,57,61,68,186,24,32,76,132
3533,F,71,72,73,216,83,89,90,262
3534,M,69,65,63,197,30,90,84,204
3535,M,64,69,75,208,86,97,91,274
3536,M,50,64,62,176,43,18,83,144
3537,F,67,74,73,214,73,79,87,239
3538,F,68,71,53,192,66,54,61,181
3539,F,62,81,80,223,89,94,93,276
3540,M,50,59,54,163,41,52,79,172
3541,F,58,83,46,187,88,95,34,217
3542,F,64,66,59,189,61,72,73,206
3543,M,60,64,70,194,90,98,42,230
3544,M,70,64,43,177,100,99,55,254
3545,F,72,74,46,192,58,66,31,155
3546,F,66,83,67,216,83,78,86,247
3547,F,67,74,54,195,23,96,76,195
3548,M,60,61,50,171,59,37,54,150
3549,M,52,49,60,161,21,3,38,62
3550,M,70,72,64,206,92,90,75,257
3551,M,50,48,46,144,18,18,39,75
3552,M,52,61,48,161,67,93,61,221
3553,F,62,55,65,182,94,70,53,217
3554,M,59,62,50,171,66,69,67,202
3555,M,54,45,52,151,59,15,60,134
3556,F,85,77,75,237,86,91,96,273
3557,F,71,61,60,192,96,72,76,244
3558,M,57,61,50,168,59,40,38,137
3559,F,76,74,65,215,95,92,71,258
3560,M,41,50,46,137,17,19,38,74
3561,F,52,57,50,159,59,16,67,142
3562,M,56,62,73,191,67,83,80,230
3563,M,60,66,62,188,97,75,90,262
3564,M,51,43,43,137,4,7,61,72
3565,M,52,46,50,148,95,90,80,265
3566,M,46,45,46,137,8,21,11,40
3567,M,50,49,62,161,62,56,67,185
3568,M,74,74,64,212,78,96,91,265
3569,M,64,61,71,196,66,80,93,239
3570,M,52,50,41,143,11,13,21,45
3571,M,70,71,53,194,81,86,70,237
3572,F,64,55,59,178,78,25,35,138
3573,M,64,64,71,199,3,5,90,98
3574,F,54,58,45,157,51,33,32,116
3575,F,58,57,57,172,55,67,44,166
3576,M,43,46,54,143,33,3,17,53
3577,M,50,55,54,159,69,64,55,188
3578,M,62,66,62,190,82,35,99,216
3579,F,62,66,60,188,71,61,79,211
3580,M,53,60,42,155,38,63,44,145
3581,M,51,62,44,157,74,69,48,191
3582,M,53,62,52,167,18,71,56,145
3583,F,54,55,64,173,84,65,71,220
3584,M,60,74,65,199,58,82,83,223
3585,M,64,74,57,195,87,46,72,205
3586,M,68,64,70,202,91,29,86,206
3587,M,45,53,43,141,3,37,32,72
3588,M,24,35,42,101,4,3,44,51
3589,M,46,40,58,144,59,63,44,166
3590,F,64,69,64,197,61,75,71,207
3591,M,59,51,49,159,98,29,22,149
3592,M,33,44,57,134,13,5,58,76
3593,M,52,55,54,161,55,49,41,145
3594,F,64,57,58,179,8,59,91,158
3595,M,54,46,58,158,29,26,63,118
3596,F,59,66,71,196,66,92,92,250
3597,M,49,53,58,160,34,69,80,183
3598,F,52,57,55,164,28,80,54,162
3599,F,47,51,48,146,33,9,7,49
3600,M,51,59,54,164,27,9,66,102
3601,F,56,55,59,170,72,79,71,222
3602,M,59,59,63,181,84,82,38,204
3603,M,51,43,39,133,6,45,47,98
3604,F,45,44,49,138,32,56,76,164
3605,F,41,36,48,125,48,16,28,92
3606,M,51,48,50,149,35,20,56,111
3607,F,50,44,40,134,52,21,15,88
3608,F,55,43,53,151,33,7,63,103
3609,M,68,66,46,180,83,71,66,220
3610,M,54,62,39,155,86,38,64,188
3611,F,57,48,49,154,57,43,2,102
3612,M,62,69,54,185,72,74,60,206
3613,M,57,59,48,164,16,63,30,109
3614,F,62,66,57,185,51,61,56,168
3615,F,46,48,43,137,3,19,20,42
3616,M,47,51,40,138,79,65,57,201
3617,M,52,59,44,155,64,51,32,147
3618,M,68,69,70,207,61,81,87,229
3619,M,76,96,68,240,73,49,76,198
3620,F,52,50,55,157,86,53,56,195
3621,F,62,64,59,185,52,79,43,174
3622,M,64,74,62,200,94,43,87,224
3623,M,68,64,67,199,87,94,84,265
3624,F,56,62,65,183,35,74,70,179
3625,M,50,53,45,148,56,82,7,145
3626,M,57,62,59,178,65,68,64,197
3627,F,56,52,50,158,63,51,62,176
3628,M,70,74,43,187,70,62,53,185
3629,M,54,55,55,164,91,63,34,188
3630,M,67,68,78,213,99,88,99,286
3631,F,70,68,53,191,99,79,83,261
3632,M,50,42,48,140,58,66,23,147
3633,M,58,64,46,168,82,99,71,252
3634,M,59,48,46,153,10,2,64,76
3635,F,47,52,49,148,74,13,40,127
3636,M,64,72,65,201,66,82,87,235
3637,F,53,52,59,164,49,46,9,104
3638,M,62,59,48,169,51,80,61,192
3639,M,62,57,58,177,78,77,82,237
3640,F,50,47,50,147,14,7,7,28
3641,M,48,58,42,148,72,56,8,136
3642,F,64,62,55,181,96,80,29,205
3643,M,64,55,53,172,78,81,43,202
3644,M,62,62,76,200,5,90,89,184
3645,F,41,30,54,125,35,3,21,59
3646,F,58,64,62,184,26,37,75,138
3647,M,60,58,80,198,94,87,94,275
3648,F,51,44,42,137,47,14,31,92
3649,M,53,53,40,146,62,58,11,131
3650,M,70,66,65,201,84,82,81,247
3651,M,60,69,60,189,82,84,65,231
3652,F,47,40,46,133,16,28,43,87
3653,F,70,66,52,188,79,91,75,245
3654,M,62,69,52,183,96,81,42,219
3655,M,51,52,57,160,43,18,59,120
3656,M,60,64,52,176,34,70,53,157
3657,M,51,48,55,154,22,16,79,117
3658,M,41,45,49,135,20,16,67,103
3659,M,47,53,45,145,45,32,17,94
3660,F,72,64,62,198,86,81,59,226
3661,F,57,52,65,174,59,69,76,204
3662,M,70,66,57,193,89,55,72,216
3663,F,64,61,43,168,14,6,62,82
3664,M,60,69,57,186,65,55,67,187
3665,M,60,55,58,173,87,75,68,230
3666,M,68,62,54,184,54,56,68,178
3667,M,54,64,59,177,89,84,81,254
3668,M,46,43,58,147,35,52,66,153
3669,F,100,66,58,224,92,96,73,261
3670,M,57,53,48,158,23,47,51,121
3671,M,55,55,64,174,63,52,88,203
3672,M,57,57,53,167,72,89,86,247
3673,M,46,45,50,141,29,27,13,69
3674,M,54,57,45,156,61,9,15,85
3675,M,55,57,57,169,83,16,52,151
3676,M,62,69,70,201,95,92,86,273
3677,M,71,61,62,194,85,63,84,232
3678,M,56,66,58,180,60,79,82,221
3679,M,81,62,68,211,71,77,94,242
3680,F,60,57,55,172,67,58,51,176
3681,M,54,60,54,168,28,55,75,158
3682,F,39,42,46,127,40,35,45,120
3683,F,56,59,55,170,72,87,58,217
3684,F,66,74,75,215,79,91,85,255
3685,M,77,64,78,219,88,93,93,274
3686,F,48,53,55,156,26,26,28,80
3687,F,57,50,49,156,78,80,49,207
3688,F,67,53,58,178,17,8,12,37
3689,M,60,74,46,180,66,86,24,176
3690,F,52,50,57,159,52,59,71,182
3691,F,60,57,64,181,83,67,70,220
3692,M,54,53,58,165,62,48,74,184
3693,M,68,64,75,207,99,82,90,271
3694,F,55,55,49,159,64,56,16,136
3695,F,62,60,41,163,33,60,41,134
3696,F,46,44,49,139,60,59,67,186
3697,M,60,66,58,184,99,85,78,262
3698,M,47,50,52,149,15,45,16,76
3699,M,51,57,41,149,25,39,50,114
3700,M,71,66,60,197,54,61,84,199
3701,M,54,57,43,154,4,2,45,51
3702,M,51,66,73,190,87,20,94,201
3703,M,77,61,53,191,36,4,54,94
3704,F,43,44,54,141,45,14,75,134
3705,M,46,51,42,139,11,25,12,48
3706,F,64,66,57,187,43,66,86,195
3707,M,62,64,54,180,90,84,60,234
3708,M,52,47,53,152,48,1,1,50
3709,M,30,34,48,112,1,19,46,66
3710,M,55,53,50,158,76,71,28,175
3711,F,49,53,58,160,37,28,16,81
3712,M,56,65,62,183,88,89,76,253
3713,M,60,57,68,185,61,52,73,186
3714,F,54,53,52,159,29,1,31,61
3715,M,53,52,52,157,50,30,36,116
3716,M,46,51,38,135,19,43,43,105
3717,M,64,64,46,174,1,4,12,17
3718,M,64,59,59,182,19,36,80,135
3719,M,62,56,59,177,52,54,77,183
3720,M,60,69,68,197,62,65,96,223
3721,M,60,71,71,202,87,31,90,208
3722,F,64,66,62,192,61,79,92,232
3723,F,64,66,59,189,74,71,73,218
3724,M,64,61,62,187,56,63,42,161
3725,M,51,53,46,150,66,64,20,150
3726,M,56,57,62,175,37,1,90,128
3727,M,72,74,64,210,94,2,84,180
3728,F,51,59,44,154,62,29,54,145
3729,M,70,76,65,211,99,97,86,282
3730,F,64,64,71,199,70,57,88,215
3731,F,50,52,49,151,72,10,31,113
3732,M,55,48,65,168,75,65,82,222
3733,M,45,52,43,140,22,63,36,121
3734,M,59,59,39,157,62,82,64,208
3735,F,59,53,50,162,34,61,20,115
3736,M,62,59,65,186,95,83,74,252
3737,M,55,50,54,159,37,69,63,169
3738,F,70,96,71,237,77,93,87,257
3739,M,60,72,58,190,54,61,19,134
3740,F,57,58,43,158,5,5,4,14
3741,M,29,31,37,97,24,7,5,36
3742,M,48,53,48,149,55,60,55,170
3743,M,71,81,67,219,73,92,65,230
3744,M,64,60,64,188,67,60,65,192
3745,M,52,53,44,149,37,64,29,130
3746,F,51,51,49,151,24,66,61,151
3747,F,60,62,55,177,53,88,72,213
3748,M,51,51,42,144,16,10,50,76
3749,M,54,60,57,171,45,33,64,142
3750,F,38,38,40,116,24,17,45,86
3751,M,49,52,45,146,35,17,14,66
3752,M,44,50,55,149,2,3,41,46
3753,M,56,56,55,167,55,58,50,163
3754,F,57,60,54,171,60,47,55,162
3755,M,62,58,37,157,37,50,38,125
3756,M,52,50,50,152,51,42,20,113
3757,F,79,69,70,218,89,93,95,277
3758,M,47,45,43,135,15,12,12,39
3759,M,62,57,60,179,93,94,85,272
3760,M,72,77,73,222,83,98,93,274
3761,M,50,57,54,161,27,34,45,106
3762,M,64,74,71,209,87,78,95,260
3763,M,57,47,45,149,7,17,68,92
3764,M,62,61,53,176,67,65,49,181
3765,M,62,59,60,181,67,75,72,214
3766,F,59,55,64,178,81,57,83,221
3767,M,44,40,52,136,13,26,40,79
3768,M,54,49,64,167,33,66,82,181
3769,M,56,57,59,172,79,89,91,259
3770,F,46,48,57,151,38,80,64,182
3771,F,64,66,78,208,85,85,96,266
3772,F,57,52,53,162,89,75,40,204
3773,M,62,59,65,186,28,13,85,126
3774,M,53,56,42,151,63,44,33,140
3775,F,50,50,53,153,33,39,13,85
3776,F,64,58,50,172,65,61,78,204
3777,M,54,55,48,157,35,17,28,80
3778,M,60,66,43,169,72,19,76,167
3779,M,60,55,49,164,70,59,26,155
3780,F,74,72,50,196,58,70,80,208
3781,M,67,66,52,185,78,26,49,153
3782,M,58,48,46,152,4,84,69,157
3783,M,60,60,45,165,12,33,31,76
3784,M,55,52,50,157,16,35,57,108
3785,M,49,56,46,151,57,66,42,165
3786,M,87,66,82,235,96,97,91,284
3787,F,58,53,45,156,53,25,23,101
3788,M,59,66,50,175,23,58,2,83
3789,M,59,53,52,164,34,58,57,149
3790,M,51,52,55,158,57,35,77,169
3791,M,55,55,58,168,12,58,79,149
3792,M,55,57,50,162,32,33,2,67
3793,M,70,62,68,200,90,63,91,244
3794,M,77,74,78,229,100,95,100,295
3795,M,58,62,50,170,64,69,56,189
3796,M,64,61,55,180,62,49,35,146
3797,F,50,46,45,141,35,23,14,72
3798,M,70,64,73,207,73,39,95,207
3799,M,72,71,64,207,67,58,72,197
3800,M,52,44,50,146,7,4,37,48
3801,M,70,74,70,214,66,63,86,215
3802,M,64,62,53,179,78,47,72,197
3803,M,79,77,78,234,66,97,94,257
3804,F,62,64,58,184,51,81,76,208
3805,F,39,45,42,126,66,55,26,147
3806,M,67,62,71,200,96,79,81,256
3807,M,62,57,54,173,80,89,75,244
3808,M,77,74,67,218,94,97,81,272
3809,F,62,62,57,181,92,93,78,263
3810,F,56,40,52,148,23,72,60,155
3811,M,51,56,44,151,48,8,16,72
3812,F,54,62,54,170,54,9,11,74
3813,F,57,57,52,166,76,93,72,241
3814,M,62,60,64,186,60,82,58,200
3815,M,69,59,60,188,25,6,64,95
3816,M,46,55,45,146,54,20,62,136
3817,M,64,58,59,181,35,71,50,156
3818,M,59,60,48,167,63,50,37,150
3819,F,64,61,49,174,36,26,27,89
3820,F,67,68,52,187,73,78,15,166
3821,M,62,59,70,191,3,14,95,112
3822,M,62,59,60,181,64,59,65,188
3823,M,64,71,45,180,77,92,43,212
3824,M,60,64,60,184,80,84,78,242
3825,M,53,55,38,146,21,44,10,75
3826,F,50,50,59,159,20,62,43,125
3827,M,43,46,40,129,11,13,1,25
3828,F,67,62,60,189,81,71,52,204
3829,F,71,66,64,201,73,89,78,240
3830,M,53,62,54,169,46,71,72,189
3831,F,53,44,45,142,6,36,49,91
3832,M,60,81,80,221,83,83,98,264
3833,M,46,44,50,140,15,56,63,134
3834,M,59,56,42,157,74,89,63,226
3835,M,62,57,53,172,78,79,65,222
3836,M,52,50,53,155,20,31,52,103
3837,M,48,52,50,150,32,10,44,86
3838,M,74,69,85,228,82,88,94,264
3839,M,66,59,53,178,33,39,83,155
3840,F,60,52,43,155,68,50,57,175
3841,M,64,61,70,195,72,80,88,240
3842,M,79,64,78,221,77,92,65,234
3843,M,59,57,42,158,22,9,34,65
3844,M,62,57,50,169,64,88,76,228
3845,M,66,62,53,181,98,95,75,268
3846,M,51,48,64,163,57,52,67,176
3847,M,67,64,58,189,94,83,42,219
3848,F,71,69,85,225,95,84,94,273
3849,M,54,60,62,176,84,4,86,174
3850,M,51,52,48,151,25,9,12,46
3851,M,64,69,68,201,76,75,83,234
3852,M,62,66,65,193,26,72,79,177
3853,M,67,74,63,204,83,89,60,232
3854,F,44,45,48,137,35,33,47,115
3855,F,62,66,58,186,71,39,76,186
3856,M,43,50,67,160,52,53,92,197
3857,F,60,56,44,160,11,28,11,50
3858,M,56,66,55,177,24,9,68,101
3859,F,47,53,46,146,49,37,61,147
3860,F,43,45,50,138,22,37,15,74
3861,M,43,48,39,130,22,42,12,76
3862,M,56,59,55,170,80,43,77,200
3863,M,49,53,48,150,40,46,47,133
3864,M,64,62,59,185,90,77,81,248
3865,M,62,69,68,199,95,74,90,259
3866,F,51,48,49,148,14,61,41,116
3867,M,68,61,52,181,40,15,54,109
3868,F,44,47,50,141,58,21,58,137
3869,M,72,62,80,214,98,95,99,292
3870,M,77,89,82,248,100,100,100,300
3871,M,64,83,54,201,82,84,61,227
3872,M,55,55,73,183,94,75,89,258
3873,M,71,64,57,192,47,35,12,94
3874,M,49,62,48,159,27,44,43,114
3875,M,59,62,52,173,66,33,43,142
3876,F,55,50,57,162,15,5,28,48
3877,F,60,64,62,186,42,70,74,186
3878,F,64,66,57,187,2,33,83,118
3879,F,54,53,68,175,79,68,96,243
3880,M,58,53,52,163,10,46,31,87
3881,M,49,52,46,147,27,9,8,44
3882,F,67,62,58,187,80,64,79,223
3883,F,59,52,50,161,56,72,43,171
3884,M,57,51,71,179,65,75,100,240
3885,M,64,62,43,169,58,78,26,162
3886,M,64,56,53,173,47,32,58,137
3887,F,64,60,50,174,80,47,56,183
3888,M,77,71,76,224,98,93,98,289
3889,M,56,74,52,182,69,37,57,163
3890,M,54,53,70,177,37,81,78,196
3891,M,43,50,46,139,4,64,24,92
3892,F,55,71,73,199,95,65,81,241
3893,M,59,62,48,169,68,51,53,172
3894,F,60,59,60,179,76,69,45,190
3895,M,64,62,78,204,82,81,95,258
3896,M,57,50,46,153,77,56,19,152
3897,M,53,56,40,149,51,5,12,68
3898,M,50,55,49,154,30,6,23,59
3899,M,68,61,68,197,36,65,87,188
3900,M,62,66,50,178,88,80,5,173
3901,F,64,68,53,185,58,80,17,155
3902,M,52,52,48,152,80,58,17,155
3903,M,66,69,82,217,100,70,96,266
3904,M,50,52,64,166,57,15,99,171
3905,F,57,60,45,162,36,47,22,105
3906,F,49,62,62,173,78,41,69,188
3907,M,56,55,43,154,65,82,32,179
3908,M,54,45,46,145,24,44,16,84
3909,M,67,71,73,211,38,65,87,190
3910,M,87,74,80,241,95,81,91,267
3911,M,64,74,65,203,71,97,76,244
3912,F,64,64,57,185,65,57,75,197
3913,F,38,53,48,139,12,8,43,63
3914,F,62,62,58,182,57,20,20,97
3915,F,52,52,55,159,61,76,68,205
3916,F,53,53,58,164,42,56,64,162
3917,M,54,53,46,153,59,28,47,134
3918,M,58,55,60,173,58,37,70,165
3919,M,54,53,42,149,54,68,16,138
3920,F,60,66,50,176,48,37,54,139
3921,F,49,49,45,143,39,91,62,192
3922,M,41,32,43,116,9,4,42,55
3923,F,79,68,78,225,96,6,80,182
3924,M,53,50,46,149,34,8,55,97
3925,M,53,52,49,154,41,42,23,106
3926,M,50,44,53,147,22,1,73,96
3927,F,51,44,50,145,32,7,43,82
3928,M,62,57,49,168,48,42,49,139
3929,M,64,58,65,187,88,97,66,251
3930,F,64,58,48,170,31,25,16,72
3931,F,55,57,54,166,22,52,18,92
3932,F,53,55,55,163,37,53,48,138
3933,F,64,64,60,188,84,66,53,203
3934,M,56,58,50,164,89,94,83,266
3935,M,51,53,55,159,55,4,68,127
3936,M,64,71,57,192,92,93,47,232
3937,M,58,59,52,169,77,9,31,117
3938,F,62,66,73,201,96,98,76,270
3939,M,69,62,58,189,64,81,64,209
3940,M,69,62,63,194,72,88,86,246
3941,F,52,46,55,153,19,22,40,81
3942,F,55,59,49,163,11,50,45,106
3943,F,72,53,60,185,91,10,90,191
3944,M,52,61,45,158,26,63,57,146
3945,M,62,66,80,208,86,88,93,267
3946,M,62,55,75,192,48,27,89,164
3947,M,51,53,49,153,26,4,65,95
3948,M,56,55,60,171,43,22,64,129
3949,F,74,76,60,210,94,82,79,255
3950,M,74,66,76,216,92,100,87,279
3951,F,42,45,43,130,21,23,3,47
3952,M,64,59,53,176,32,11,57,100
3953,M,52,50,42,144,11,31,6,48
3954,M,60,55,49,164,45,22,47,114
3955,M,58,59,46,163,51,44,10,105
3956,F,59,56,57,172,23,56,45,124
3957,F,49,53,54,156,84,50,78,212
3958,M,55,55,53,163,62,92,70,224
3959,M,45,43,42,130,15,39,36,90
3960,F,66,65,58,189,78,77,55,210
3961,M,48,42,53,143,7,39,19,65
3962,M,54,57,59,170,85,36,67,188
3963,F,74,81,71,226,94,91,86,271
3964,F,48,40,43,131,16,4,10,30
3965,F,71,53,65,189,92,69,75,236
3966,M,54,59,43,156,31,3,11,45
3967,M,64,57,53,174,65,71,65,201
3968,F,77,61,52,190,85,55,50,190
3969,F,42,45,34,121,14,23,14,51
3970,F,49,43,44,136,80,23,20,123
3971,M,62,69,45,176,91,11,59,161
3972,F,60,57,58,175,32,56,77,165
3973,M,57,57,45,159,21,11,12,44
3974,M,48,58,49,155,34,16,31,81
3975,M,52,50,46,148,13,41,18,72
3976,F,70,64,75,209,91,93,84,268
3977,M,59,53,54,166,90,4,47,141
3978,F,62,57,52,171,61,93,50,204
3979,F,57,55,46,158,35,57,70,162
3980,M,54,53,49,156,31,85,36,152
3981,F,64,74,63,201,92,90,87,269
3982,M,53,48,54,155,89,5,76,170
3983,M,57,60,50,167,54,63,52,169
3984,M,77,71,80,228,88,90,96,274
3985,F,60,64,50,174,80,70,71,221
3986,F,51,49,50,150,16,2,10,28
3987,M,74,72,80,226,98,100,99,297
3988,M,52,52,49,153,47,31,33,111
3989,M,54,48,60,162,58,42,72,172
3990,M,58,72,73,203,38,11,94,143
3991,M,48,50,41,139,7,31,23,61
3992,F,48,48,43,139,4,49,11,64
3993,M,41,50,37,128,7,14,19,40
3994,M,56,57,73,186,50,4,93,147
3995,F,64,66,55,185,84,76,66,226
3996,M,81,69,75,225,56,79,92,227
3997,M,64,71,59,194,68,77,69,214
3998,M,62,61,65,188,90,16,77,183
3999,M,47,40,40,127,32,23,3,58
4000,M,47,53,42,142,22,63,45,130
4001,M,44,49,50,143,6,21,6,33
4002,M,87,74,90,251,99,75,94,268
4003,M,62,59,60,181,79,79,66,224
4004,M,49,62,50,161,65,71,55,191
4005,F,53,52,53,158,19,41,63,123
4006,M,59,59,85,203,86,94,100,280
4007,F,62,55,54,171,4,65,77,146
4008,F,49,53,49,151,15,41,40,96
4009,M,64,64,65,193,33,62,81,176
4010,M,72,66,57,195,84,75,82,241
4011,F,45,48,38,131,15,34,11,60
4012,F,58,60,53,171,82,96,81,259
4013,M,60,71,53,184,23,7,14,44
4014,F,43,48,35,126,8,8,45,61
4015,M,50,50,49,149,11,44,29,84
4016,M,41,47,43,131,49,5,26,80
4017,M,54,64,53,171,37,33,50,120
4018,M,68,66,65,199,90,69,74,233
4019,M,77,64,64,205,96,54,50,200
4020,M,52,49,59,160,12,45,74,131
4021,M,85,74,59,218,86,88,88,262
4022,M,62,61,65,188,92,97,85,274
4023,M,77,71,60,208,83,70,78,231
4024,M,66,62,49,177,36,36,54,126
4025,M,55,50,73,178,67,45,90,202
4026,M,39,44,35,118,22,23,46,91
4027,M,62,62,48,172,8,13,10,31
4028,M,67,64,52,183,84,11,2,97
4029,M,55,44,46,145,38,64,65,167
4030,F,60,57,48,165,34,49,48,131
4031,M,41,45,46,132,55,35,9,99
4032,M,60,74,73,207,81,80,91,252
4033,M,64,66,62,192,67,97,75,239
4034,M,48,48,43,139,32,41,52,125
4035,M,70,72,62,204,60,86,81,227
4036,M,43,40,46,129,2,4,25,31
4037,F,60,57,62,179,40,25,77,142
4038,M,74,64,68,206,88,45,81,214
4039,M,46,53,49,148,30,27,44,101
4040,M,85,77,76,238,100,92,99,291
4041,M,70,64,70,204,77,85,87,249
4042,M,47,48,48,143,26,21,50,97
4043,F,53,62,57,172,76,74,48,198
4044,M,58,58,49,165,91,90,69,250
4045,M,62,59,43,164,60,68,2,130
4046,M,50,47,35,132,12,26,6,44
4047,F,60,57,55,172,35,56,46,137
4048,F,68,61,73,202,80,32,86,198
4049,F,72,74,59,205,86,93,66,245
4050,F,64,77,41,182,80,50,28,158
4051,F,54,62,48,164,68,15,15,98
4052,M,57,62,80,199,83,98,99,280
4053,F,56,65,67,188,60,56,62,178
4054,M,64,66,57,187,48,76,66,190
4055,F,44,51,43,138,2,14,40,56
4056,M,60,61,50,171,33,44,82,159
4057,M,41,44,48,133,17,5,15,37
4058,M,49,48,43,140,29,56,32,117
4059,M,85,76,64,225,32,91,78,201
4060,F,56,56,36,148,88,68,24,180
4061,M,62,69,78,209,43,8,97,148
4062,M,74,83,73,230,98,100,91,289
4063,F,43,46,50,139,28,14,28,70
4064,M,67,69,73,209,98,34,94,226
4065,M,72,66,67,205,72,41,81,194
4066,M,64,62,57,183,93,73,72,238
4067,M,60,53,54,167,41,16,73,130
4068,F,49,53,40,142,71,51,80,202
4069,M,55,60,55,170,31,19,85,135
4070,M,64,59,52,175,77,92,54,223
4071,M,64,62,50,176,99,80,81,260
4072,M,49,52,43,144,49,11,23,83
4073,F,59,60,65,184,42,59,69,170
4074,F,72,74,64,210,92,83,94,269
4075,M,70,71,58,199,82,86,81,249
4076,M,60,74,60,194,77,63,66,206
4077,M,59,62,57,178,55,59,74,188
4078,F,47,53,48,148,51,38,50,139
4079,M,59,65,46,170,34,21,46,101
4080,F,64,76,68,208,76,100,84,260
4081,F,64,74,44,182,69,68,25,162
4082,M,67,66,58,191,38,62,19,119
4083,F,68,69,76,213,82,97,94,273
4084,M,52,60,53,165,43,62,61,166
4085,M,62,57,49,168,46,70,58,174
4086,M,67,74,59,200,44,77,67,188
4087,M,39,49,46,134,30,49,57,136
4088,M,43,44,49,136,63,35,43,141
4089,F,51,40,43,134,10,39,19,68
4090,M,70,64,58,192,77,55,67,199
4091,M,62,62,49,173,91,92,50,233
4092,F,54,57,57,168,59,55,69,183
4093,M,58,53,41,152,65,49,69,183
4094,F,62,52,45,159,5,4,64,73
4095,F,46,44,49,139,29,49,23,101
4096,M,56,45,60,161,13,42,68,123
4097,M,50,46,48,144,58,18,24,100
4098,M,64,61,43,168,95,85,22,202
4099,M,54,57,52,163,60,54,36,150
4100,F,48,49,48,145,25,20,27,72
4101,F,60,59,63,182,88,89,78,255
4102,M,43,50,46,139,7,21,12,40
4103,F,43,44,49,136,10,15,33,58
4104,M,55,49,46,150,65,97,58,220
4105,M,51,53,41,145,41,55,14,110
4106,M,64,68,53,185,79,49,39,167
4107,F,64,65,71,200,82,86,85,253
4108,M,71,68,50,189,96,94,74,264
4109,F,54,52,45,151,57,76,68,201
4110,F,62,66,49,177,45,72,53,170
4111,M,54,55,37,146,23,7,19,49
4112,M,67,58,58,183,62,14,74,150
4113,M,57,52,48,157,32,55,29,116
4114,M,64,61,78,203,25,34,95,154
4115,M,48,48,45,141,5,25,17,47
4116,M,43,44,50,137,75,69,46,190
4117,F,46,52,46,144,29,2,14,45
4118,M,51,48,50,149,3,3,27,33
4119,M,62,62,57,181,92,97,73,262
4120,F,67,64,46,177,47,17,21,85
4121,M,64,69,65,198,95,92,90,277
4122,F,52,53,49,154,25,42,59,126
4123,F,64,74,57,195,75,73,56,204
4124,M,58,74,64,196,77,98,76,251
4125,M,62,62,57,181,80,70,70,220
4126,F,68,71,80,219,91,94,94,279
4127,M,77,76,68,221,99,92,91,282
4128,F,59,53,54,166,53,37,68,158
4129,M,67,71,65,203,61,73,88,222
4130,F,54,52,38,144,32,46,38,116
4131,M,58,60,57,175,57,71,26,154
4132,M,70,62,62,194,93,54,78,225
4133,M,64,58,43,165,60,79,55,194
4134,F,50,47,42,139,15,35,30,80
4135,M,42,45,40,127,48,8,16,72
4136,M,72,68,71,211,77,85,92,254
4137,F,48,50,53,151,22,2,84,108
4138,M,48,55,43,146,76,59,30,165
4139,M,62,48,42,152,6,8,52,66
4140,M,58,51,48,157,11,14,4,29
4141,M,46,50,52,148,42,14,36,92
4142,M,57,58,54,169,4,3,44,51
4143,F,46,42,54,142,9,9,26,44
4144,M,57,50,42,149,13,1,8,22
4145,M,58,59,59,176,65,90,82,237
4146,M,68,59,59,186,89,84,93,266
4147,F,68,64,57,189,81,87,53,221
4148,F,62,76,78,216,100,76,91,267
4149,M,54,64,53,171,46,26,18,90
4150,M,51,52,46,149,10,1,10,21
4151,M,57,58,59,174,81,32,82,195
4152,M,52,43,52,147,14,4,69,87
4153,F,48,52,53,153,59,2,70,131
4154,M,54,64,50,168,54,70,66,190
4155,M,60,64,35,159,80,86,61,227
4156,M,67,81,71,219,95,100,99,294
4157,F,54,52,45,151,23,52,70,145
4158,M,52,50,49,151,71,10,29,110
4159,F,57,55,46,158,3,66,54,123
4160,M,55,57,40,152,54,53,17,124
4161,F,74,74,60,208,81,76,56,213
4162,M,70,68,55,193,100,96,82,278
4163,F,55,52,64,171,48,77,83,208
4164,M,62,66,52,180,77,95,76,248
4165,M,56,58,49,163,35,48,43,126
4166,F,64,74,71,209,89,80,94,263
4167,M,50,46,42,138,51,47,45,143
4168,M,62,64,58,184,62,33,29,124
4169,M,57,58,76,191,95,95,92,282
4170,F,71,59,54,184,91,65,89,245
4171,M,66,59,71,196,42,70,88,200
4172,M,56,64,58,178,57,95,68,220
4173,M,50,45,55,150,51,59,45,155
4174,M,45,43,34,122,42,29,25,96
4175,M,54,55,46,155,51,14,43,108
4176,M,53,45,80,178,57,78,95,230
4177,M,66,74,65,205,71,78,94,243
4178,M,79,68,70,217,58,54,82,194
4179,M,55,55,48,158,82,77,82,241
4180,F,33,35,46,114,2,28,3,33
4181,M,74,71,67,212,53,17,85,155
4182,M,47,62,63,172,87,30,72,189
4183,M,62,71,53,186,79,75,66,220
4184,M,57,65,52,174,67,69,58,194
4185,M,64,60,75,199,100,90,94,284
4186,M,64,56,58,178,89,81,88,258
4187,M,52,51,48,151,62,89,39,190
4188,M,52,66,41,159,67,60,41,168
4189,M,48,48,40,136,6,13,10,29
4190,M,76,69,67,212,95,95,78,268
4191,M,46,48,52,146,39,29,32,100
4192,F,41,40,54,135,41,63,62,166
4193,F,48,50,50,148,43,55,44,142
4194,F,56,58,54,168,32,50,42,124
4195,M,54,53,46,153,64,15,44,123
4196,M,51,55,41,147,75,32,25,132
4197,M,60,55,64,179,94,52,69,215
4198,F,54,64,42,160,58,12,27,97
4199,M,59,62,54,175,59,71,53,183
4200,F,59,53,40,152,50,70,8,128
4201,M,52,50,62,164,2,24,63,89
4202,M,74,69,82,225,55,81,100,236
4203,F,58,61,58,177,68,9,61,138
4204,M,60,53,43,156,56,60,26,142
4205,F,62,65,54,181,36,69,72,177
4206,F,64,59,57,180,30,83,71,184
4207,F,54,60,76,190,74,54,82,210
4208,M,64,62,82,208,72,50,93,215
4209,F,49,65,50,164,59,62,51,172
4210,M,44,52,49,145,46,21,7,74
4211,M,57,53,46,156,57,36,2,95
4212,M,46,49,55,150,40,55,53,148
4213,F,74,81,60,215,81,97,92,270
4214,M,67,53,53,173,75,71,73,219
4215,F,67,66,49,182,88,68,69,225
4216,M,70,55,50,175,22,7,69,98
4217,F,74,66,54,194,68,76,62,206
4218,M,64,76,59,199,97,92,86,275
4219,M,49,53,62,164,54,68,44,166
4220,F,50,50,50,150,4,11,33,48
4221,F,66,51,70,187,62,15,82,159
4222,M,68,66,60,194,64,81,92,237
4223,M,50,61,52,163,30,20,48,98
4224,M,54,49,42,145,28,10,6,44
4225,M,56,52,54,162,84,82,38,204
4226,F,67,60,58,185,60,63,77,200
4227,M,70,74,73,217,94,96,89,279
4228,M,57,57,68,182,19,14,72,105
4229,F,48,42,46,136,71,21,49,141
4230,M,59,53,55,167,68,77,92,237
4231,F,59,55,55,169,87,58,73,218
4232,M,51,62,60,173,1,11,75,87
4233,F,72,68,62,202,67,80,85,232
4234,F,44,36,41,121,15,4,35,54
4235,M,54,53,48,155,46,56,11,113
4236,M,64,57,55,176,72,72,72,216
4237,F,69,69,60,198,85,79,77,241
4238,M,64,64,60,188,74,70,48,192
4239,M,67,66,57,190,60,78,51,189
4240,F,62,63,58,183,94,80,52,226
4241,M,52,53,52,157,45,5,56,106
4242,M,67,58,59,184,93,43,47,183
4243,M,51,60,60,171,87,5,35,127
4244,F,57,61,68,186,66,71,92,229
4245,M,58,65,50,173,70,72,64,206
4246,F,57,59,55,171,62,13,58,133
4247,M,51,52,48,151,86,94,36,216
4248,M,68,62,59,189,81,86,92,259
4249,M,53,57,53,163,53,36,60,149
4250,M,49,49,48,146,59,12,72,143
4251,F,44,59,49,152,21,40,40,101
4252,M,70,71,73,214,73,89,73,235
4253,F,52,52,59,163,60,49,21,130
4254,M,79,81,65,225,79,87,91,257
4255,M,52,46,67,165,70,71,80,221
4256,M,60,62,67,189,82,90,91,263
4257,M,60,48,57,165,27,32,70,129
4258,M,36,38,40,114,1,14,6,21
4259,F,57,59,49,165,67,46,59,172
4260,M,70,69,65,204,53,80,62,195
4261,M,81,74,64,219,97,98,95,290
4262,M,47,49,49,145,37,54,86,177
4263,F,61,53,76,190,38,56,92,186
4264,F,72,62,95,229,73,70,99,242
4265,F,71,67,75,213,83,94,94,271
4266,F,66,61,90,217,79,84,99,262
4267,F,50,42,80,172,23,54,93,170
4268,F,75,64,85,224,89,93,98,280
4269,F,69,64,85,218,67,49,97,213
4270,F,71,65,92,228,91,91,96,278
4271,M,79,74,100,253,90,92,99,281
4272,M,57,59,76,192,87,98,86,271
4273,M,75,79,100,254,99,100,99,298
4274,M,69,64,82,215,85,100,93,278
4275,M,57,59,82,198,79,68,93,240
4276,M,79,70,100,249,95,90,100,285
4277,M,45,47,59,151,61,56,46,163
4278,M,64,62,90,216,99,92,100,291
4279,M,62,55,52,169,29,28,49,106
4280,F,61,53,71,185,84,89,71,244
4281,M,67,62,85,214,69,45,100,214
4282,M,51,57,76,184,80,52,99,231
4283,M,64,64,65,193,86,88,88,262
4284,M,76,71,96,243,95,99,97,291
4285,M,54,51,46,151,63,75,57,195
4286,F,51,60,54,165,13,6,55,74
4287,F,69,74,95,238,86,94,100,280
4288,F,53,57,68,178,67,79,78,224
4289,M,56,47,52,155,36,35,29,100
4290,M,59,61,78,198,34,67,95,196
4291,M,62,64,90,216,86,87,99,272
4292,F,71,61,95,227,71,89,98,258
4293,M,86,87,85,258,95,99,100,294
4294,F,63,69,88,220,83,87,98,268
4295,M,66,70,90,226,70,90,99,259
4296,F,65,57,82,204,43,64,94,201
4297,M,57,57,54,168,58,76,83,217
4298,M,64,64,68,196,68,62,60,190
4299,F,48,57,54,159,49,54,12,115
4300,M,61,60,95,216,95,95,98,288
4301,M,66,64,76,206,12,92,93,197
4302,F,58,64,52,174,76,25,73,174
4303,M,75,70,95,240,99,100,97,296
4304,M,80,70,75,225,100,97,93,290
4305,F,51,55,48,154,12,66,55,133
4306,F,62,55,55,172,14,75,73,162
4307,F,61,57,57,175,60,63,54,177
4308,M,71,67,95,233,93,98,100,291
4309,M,63,60,55,178,79,97,80,256
4310,M,50,57,58,165,37,63,80,180
4311,M,69,70,68,207,87,92,87,266
4312,M,61,62,96,219,81,71,96,248
4313,M,51,53,95,199,8,14,93,115
4314,M,64,61,75,200,86,54,94,234
4315,M,56,51,54,161,25,66,80,171
4316,F,71,70,78,219,89,93,93,275
4317,M,69,70,80,219,85,78,91,254
4318,F,58,57,78,193,91,56,97,244
4319,M,69,55,78,202,77,93,85,255
4320,M,50,57,78,185,36,48,86,170
4321,M,63,60,76,199,61,74,86,221
4322,M,53,60,82,195,53,86,88,227
4323,M,66,59,82,207,75,57,97,229
4324,F,64,59,73,196,79,75,86,240
4325,M,64,67,82,213,59,87,96,242
4326,M,72,62,67,201,78,89,85,252
4327,M,66,64,92,222,95,91,98,284
4328,F,71,64,75,210,91,75,92,258
4329,F,69,57,80,206,88,66,98,252
4330,M,63,67,95,225,92,67,100,259
4331,F,53,55,65,173,75,22,83,180
4332,F,59,53,54,166,66,73,84,223
4333,M,71,100,100,271,99,80,99,278
4334,M,59,61,76,196,43,65,92,200
4335,M,69,64,71,204,27,74,91,192
4336,M,54,60,53,167,80,87,71,238
4337,M,57,60,62,179,27,85,92,204
4338,M,71,67,64,202,83,96,82,261
4339,M,56,55,80,191,91,98,95,284
4340,M,63,64,85,212,99,17,96,212
4341,M,63,60,60,183,31,86,80,197
4342,M,71,67,76,214,84,69,93,246
4343,M,63,62,76,201,56,86,94,236
4344,M,69,64,85,218,95,77,99,271
4345,F,71,70,85,226,92,96,96,284
4346,M,71,67,76,214,95,46,85,226
4347,M,62,79,90,231,88,69,100,257
4348,M,86,70,90,246,97,95,95,287
4349,M,61,62,65,188,90,90,87,267
4350,M,87,67,85,239,94,91,87,272
4351,M,72,67,80,219,80,76,97,253
4352,F,63,53,46,162,29,46,65,140
4353,M,67,64,80,211,95,88,98,281
4354,M,61,64,71,196,84,90,91,265
4355,F,69,64,68,201,59,76,91,226
4356,F,75,74,85,234,98,92,90,280
4357,F,69,71,82,222,88,91,95,274
4358,M,64,64,96,224,92,29,99,220
4359,M,66,51,85,202,69,4,95,168
4360,M,72,64,80,216,86,87,99,272
4361,M,61,59,71,191,40,64,79,183
4362,M,69,74,82,225,95,91,95,281
4363,M,62,57,68,187,92,81,96,269
4364,M,69,67,78,214,85,99,8,192
4365,M,61,64,85,210,49,30,96,175
4366,M,66,64,80,210,87,91,95,273
4367,M,54,60,85,199,26,5,98,129
4368,M,56,61,95,212,34,33,96,163
4369,M,61,70,82,213,49,82,93,224
4370,F,75,64,85,224,90,91,92,273
4371,M,71,71,85,227,52,44,93,189
4372,M,65,60,90,215,89,92,99,280
4373,M,79,100,95,274,99,94,100,293
4374,M,69,67,80,216,79,89,94,262
4375,M,67,74,100,241,87,97,98,282
4376,M,62,61,95,218,77,69,100,246
4377,F,59,53,43,155,87,82,48,217
4378,M,59,67,85,211,69,21,100,190
4379,M,62,70,100,232,1,2,99,102
4380,F,64,67,68,199,71,52,82,205
4381,F,67,57,95,219,86,95,99,280
4382,F,46,47,35,128,15,33,11,59
4383,F,69,79,90,238,91,32,91,214
4384,M,66,79,100,245,84,100,98,282
4385,F,51,55,54,160,87,66,49,202
4386,F,69,70,90,229,100,96,97,293
4387,M,69,70,95,234,95,52,97,244
4388,M,61,55,65,181,7,10,74,91
4389,F,59,67,90,216,93,87,98,278
4390,M,69,64,100,233,71,86,100,257
4391,F,67,62,95,224,97,84,100,281
4392,M,63,67,76,206,66,22,87,175
4393,M,56,60,78,194,94,77,100,271
4394,M,67,57,90,214,60,77,96,233
4395,F,67,67,95,229,71,10,93,174
4396,F,57,49,62,168,32,52,60,144
4397,F,61,57,64,182,92,84,95,271
4398,M,63,60,85,208,88,83,90,261
4399,M,67,64,95,226,96,93,94,283
4400,M,66,70,82,218,95,98,99,292
4401,F,58,67,92,217,93,94,99,286
4402,M,75,67,90,232,99,92,99,290
4403,M,71,64,95,230,95,86,100,281
4404,F,65,60,80,205,67,83,92,242
4405,M,64,67,90,221,44,62,99,205
4406,F,57,61,57,175,81,86,68,235
4407,F,64,64,82,210,88,79,93,260
4408,F,75,61,90,226,91,90,97,278
4409,F,57,55,82,194,70,80,96,246
4410,M,76,71,92,239,64,90,99,253
4411,F,72,62,55,189,30,79,68,177
4412,M,66,57,68,191,84,86,89,259
4413,M,67,74,85,226,87,96,100,283
4414,M,56,53,60,169,78,84,67,229
4415,M,64,64,71,199,46,77,88,211
4416,M,69,67,78,214,99,97,94,290
4417,M,62,55,85,202,84,83,99,266
4418,M,58,60,65,183,82,74,80,236
4419,M,47,42,54,143,12,12,32,56
4420,M,67,62,90,219,76,34,95,205
4421,M,75,70,82,227,85,94,98,277
4422,F,50,54,48,152,33,35,55,123
4423,M,71,67,82,220,96,94,89,279
4424,F,62,51,55,168,77,55,64,196
4425,F,59,59,55,173,88,31,84,203
4426,F,56,55,50,161,73,62,55,190
4427,F,56,49,58,163,68,24,70,162
4428,F,62,61,100,223,59,86,96,241
4429,M,59,55,80,194,74,75,94,243
4430,F,56,51,62,169,46,43,91,180
4431,M,66,57,80,203,84,89,93,266
4432,F,54,42,52,148,16,43,60,119
4433,M,66,61,80,207,98,99,96,293
4434,M,64,59,59,182,89,52,71,212
4435,M,86,87,90,263,100,100,97,297
4436,M,61,64,90,215,49,79,95,223
4437,F,69,60,76,205,97,85,89,271
4438,F,63,64,85,212,94,87,95,276
4439,F,60,59,82,201,90,79,94,263
4440,M,67,60,90,217,87,90,98,275
4441,M,59,59,57,175,53,21,76,150
4442,M,67,55,85,207,47,46,94,187
4443,M,69,57,80,206,92,91,99,282
4444,F,61,67,95,223,97,79,100,276
4445,M,61,62,92,215,96,100,100,296
4446,F,49,56,49,154,7,32,15,54
4447,M,64,64,45,173,40,13,88,141
4448,M,67,70,85,222,93,87,95,275
4449,M,61,64,96,221,93,72,96,261
4450,M,69,64,90,223,98,94,98,290
4451,M,64,70,85,219,77,62,81,220
4452,F,69,67,82,218,96,98,98,292
4453,F,69,70,90,229,91,99,98,288
4454,F,64,57,85,206,72,65,95,232
4455,M,71,70,82,223,96,95,93,284
4456,F,53,53,67,173,67,79,92,238
4457,F,69,70,95,234,97,91,96,284
4458,F,67,60,82,209,98,5,92,195
4459,M,47,45,68,160,51,59,94,204
4460,M,64,67,100,231,100,85,97,282
4461,M,59,61,78,198,46,78,88,212
4462,M,66,74,78,218,16,32,93,141
4463,M,64,67,95,226,40,23,84,147
4464,M,64,74,95,233,60,87,100,247
4465,F,69,70,85,224,7,72,98,177
4466,F,66,64,85,215,99,91,98,288
4467,F,59,53,50,162,11,86,66,163
4468,F,67,69,85,221,99,98,87,284
4469,F,63,62,58,183,30,89,89,208
4470,M,51,57,54,162,40,38,57,135
4471,M,54,60,71,185,42,60,79,181
4472,M,59,71,100,230,19,19,92,130
4473,M,67,69,96,232,97,81,99,277
4474,F,63,70,82,215,79,76,99,254
4475,M,62,61,85,208,100,94,100,294
4476,F,53,57,57,167,23,20,46,89
4477,M,67,67,88,222,85,97,94,276
4478,F,61,62,92,215,86,72,94,252
4479,F,59,70,100,229,100,97,98,295
4480,F,75,67,85,227,94,38,97,229
4481,M,64,70,85,219,70,87,96,253
4482,M,71,70,78,219,96,85,95,276
4483,F,76,85,100,261,99,98,95,292
4484,M,50,51,82,183,41,48,95,184
4485,M,62,67,90,219,84,86,95,265
4486,M,64,53,90,207,80,63,99,242
4487,M,47,51,96,194,36,51,92,179
4488,F,66,62,78,206,85,78,90,253
4489,M,58,56,82,196,37,53,90,180
4490,M,39,42,57,138,24,3,61,88
4491,M,59,53,82,194,73,69,94,236
4492,M,71,70,90,231,100,98,97,295
4493,M,71,74,95,240,95,98,99,292
4494,M,59,71,96,226,76,91,93,260
4495,M,75,64,100,239,100,73,98,271
4496,M,54,61,90,205,93,52,100,245
4497,M,54,51,50,155,28,6,7,41
4498,F,67,60,85,212,92,81,99,272
4499,M,80,70,95,245,99,96,99,294
4500,M,56,70,85,211,83,77,93,253
4501,F,64,55,80,199,77,45,95,217
4502,M,69,64,85,218,90,93,100,283
4503,M,66,67,90,223,93,95,100,288
4504,M,69,74,68,211,99,96,43,238
4505,F,48,51,52,151,62,35,52,149
4506,M,48,57,45,150,48,17,49,114
4507,M,57,61,58,176,90,94,81,265
4508,M,63,70,64,197,75,98,85,258
4509,M,61,59,54,174,44,70,81,195
4510,M,61,60,78,199,98,78,86,262
4511,M,50,45,42,137,43,55,42,140
4512,M,57,55,59,171,82,84,75,241
4513,M,67,64,85,216,85,94,97,276
4514,M,80,79,100,259,68,94,96,258
4515,M,80,62,90,232,86,96,97,279
4516,M,51,47,78,176,35,21,97,153
4517,M,69,64,76,209,96,90,93,279
4518,M,54,49,49,152,39,68,66,173
4519,M,64,67,76,207,37,20,81,138
4520,F,53,42,48,143,48,14,2,64
4521,M,66,64,90,220,90,75,98,263
4522,M,62,61,73,196,5,8,79,92
4523,M,66,64,85,215,65,87,93,245
4524,M,57,53,57,167,73,90,85,248
4525,F,56,57,52,165,51,68,70,189
4526,F,56,62,49,167,49,72,77,198
4527,M,57,55,67,179,36,53,67,156
4528,F,54,49,62,165,45,46,79,170
4529,M,61,49,78,188,5,15,90,110
4530,M,53,53,53,159,65,24,69,158
4531,F,57,51,76,184,72,70,92,234
4532,M,54,55,54,163,61,6,78,145
4533,F,64,70,90,224,2,9,72,83
4534,M,73,67,78,218,98,84,86,268
4535,M,47,51,57,155,44,9,44,97
4536,F,75,70,85,230,98,98,100,296
4537,M,64,67,50,181,77,89,83,249
4538,F,53,57,60,170,50,47,74,171
4539,M,51,61,85,197,31,57,94,182
4540,M,63,62,82,207,82,7,98,187
4541,M,71,71,96,238,85,92,98,275
4542,F,69,67,100,236,88,87,99,274
4543,F,56,37,55,148,47,26,41,114
4544,M,66,71,50,187,78,98,61,237
4545,M,57,55,85,197,45,73,92,210
4546,M,61,67,65,193,90,76,89,255
4547,M,69,61,70,200,91,94,88,273
4548,M,43,49,54,146,66,65,88,219
4549,M,57,60,67,184,91,34,95,220
4550,F,51,53,57,161,10,34,25,69
4551,M,61,79,73,213,94,4,72,170
4552,F,50,42,76,168,14,74,68,156
4553,F,69,67,95,231,88,77,86,251
4554,F,56,62,85,203,31,75,92,198
4555,F,66,53,82,201,84,70,100,254
4556,M,54,53,82,189,64,73,98,235
4557,F,75,64,90,229,96,79,98,273
4558,F,56,62,55,173,63,73,75,211
4559,M,64,64,95,223,89,90,97,276
4560,F,69,65,82,216,86,76,99,261
4561,M,66,59,62,187,63,74,87,224
4562,F,64,57,80,201,41,46,98,185
4563,F,69,59,75,203,74,33,91,198
4564,M,45,45,58,148,55,44,84,183
4565,M,69,77,67,213,31,79,38,148
4566,M,87,79,85,251,100,97,93,290
4567,F,56,49,64,169,73,70,91,234
4568,M,71,61,80,212,75,98,93,266
4569,F,60,62,92,214,84,77,96,257
4570,M,69,57,59,185,71,69,73,213
4571,F,56,57,49,162,91,77,60,228
4572,M,79,61,90,230,57,79,95,231
4573,F,59,67,85,211,97,91,95,283
4574,M,59,59,82,200,5,2,99,106
4575,M,54,59,76,189,63,51,62,176
4576,M,61,57,50,168,67,24,62,153
4577,M,71,79,82,232,100,70,100,270
4578,M,75,67,85,227,3,10,95,108
4579,M,67,70,100,237,77,64,100,241
4580,M,64,57,55,176,64,86,67,217
4581,M,62,59,43,164,68,14,11,93
4582,M,48,44,49,141,50,12,59,121
4583,M,61,62,45,168,84,88,70,242
4584,F,57,57,90,204,45,19,97,161
4585,M,56,53,49,158,94,97,92,283
4586,M,59,64,76,199,89,44,90,223
4587,M,80,67,82,229,97,84,96,277
4588,M,61,55,75,191,81,13,93,187
4589,F,54,55,54,163,94,84,79,257
4590,M,37,42,54,133,20,7,65,92
4591,M,69,60,82,211,80,93,100,273
4592,F,69,70,76,215,88,60,89,237
4593,M,64,61,90,215,94,91,98,283
4594,F,50,40,49,139,15,79,23,117
4595,F,67,70,85,222,92,70,89,251
4596,M,47,47,41,135,10,12,7,29
4597,M,61,70,65,196,73,3,84,160
4598,M,54,56,64,174,87,90,84,261
4599,M,34,37,45,116,26,4,3,33
4600,M,64,51,78,193,29,41,93,163
4601,M,79,67,90,236,91,83,96,270
4602,M,64,60,82,206,96,91,99,286
4603,M,48,42,34,124,4,28,5,37
4604,M,63,60,50,173,94,82,57,233
4605,M,86,67,95,248,90,92,95,277
4606,M,64,61,85,210,79,78,85,242
4607,M,69,59,95,223,76,51,100,227
4608,F,69,55,73,197,42,42,85,169
4609,M,56,51,49,156,43,48,58,149
4610,M,63,65,44,172,80,99,59,238
4611,M,63,60,75,198,44,75,85,204
4612,M,59,61,68,188,65,55,75,195
4613,M,56,53,60,169,80,58,77,215
4614,F,69,67,85,221,99,96,94,289
4615,F,61,57,64,182,50,31,79,160
4616,M,72,64,85,221,99,94,94,287
4617,M,39,40,57,136,64,14,65,143
4618,F,57,64,48,169,47,66,83,196
4619,F,53,54,52,159,39,16,56,111
4620,M,57,55,68,180,81,89,82,252
4621,M,59,67,78,204,30,4,93,127
4622,M,63,65,80,208,85,99,98,282
4623,M,62,59,90,211,84,95,91,270
4624,M,47,49,54,150,14,63,65,142
4625,M,69,79,68,216,61,51,79,191
4626,M,61,59,82,202,83,83,95,261
4627,M,62,70,71,203,65,92,85,242
4628,F,64,60,90,214,73,69,96,238
4629,F,56,62,76,194,75,54,89,218
4630,M,46,37,48,131,10,1,10,21
4631,M,43,47,43,133,2,18,3,23
4632,M,72,60,90,222,90,81,97,268
4633,M,63,70,76,209,80,80,93,253
4634,M,69,70,85,224,80,64,95,239
4635,M,57,59,58,174,89,81,81,251
4636,F,41,37,49,127,39,23,24,86
4637,M,56,74,82,212,47,65,93,205
4638,F,69,74,75,218,55,66,95,216
4639,M,50,55,67,172,29,73,82,184
4640,F,75,67,85,227,94,93,97,284
4641,F,71,57,52,180,26,69,77,172
4642,M,69,70,90,229,97,94,98,289
4643,M,69,67,70,206,95,91,78,264
4644,M,57,55,71,183,76,64,75,215
4645,M,45,40,50,135,35,21,56,112
4646,M,57,57,67,181,10,66,62,138
4647,M,61,57,80,198,93,15,92,200
4648,M,64,64,68,196,64,69,91,224
4649,M,39,49,58,146,60,76,37,173
4650,F,66,67,92,225,78,37,99,214
4651,M,64,62,82,208,79,86,99,264
4652,F,60,60,76,196,100,83,87,270
4653,M,56,57,73,186,67,82,99,248
4654,M,61,61,90,212,73,50,100,223
4655,M,69,71,96,236,22,5,79,106
4656,F,60,56,88,204,81,60,98,239
4657,M,57,55,90,202,9,8,95,112
4658,F,48,40,42,130,51,11,51,113
4659,M,57,61,82,200,46,50,89,185
4660,M,54,53,82,189,21,11,89,121
4661,M,79,74,80,233,94,85,96,275
4662,M,54,57,50,161,75,64,14,153
4663,M,45,44,38,127,2,31,23,56
4664,F,63,64,82,209,95,84,96,275
4665,M,45,45,76,166,27,22,74,123
4666,M,64,60,90,214,86,42,95,223
4667,M,61,54,68,183,88,93,85,266
4668,M,66,57,67,190,90,85,83,258
4669,F,41,47,70,158,42,27,83,152
4670,M,61,55,60,176,67,79,79,225
4671,M,61,51,68,180,64,12,77,153
4672,M,46,42,43,131,3,3,10,16
4673,F,57,51,60,168,3,57,60,120
4674,F,61,55,78,194,67,3,1,71
4675,F,50,51,73,174,50,53,93,196
4676,F,87,74,85,246,26,52,97,175
4677,M,68,73,85,226,90,58,95,243
4678,M,74,67,68,209,100,64,87,251
4679,M,87,82,85,254,97,93,98,288
4680,F,50,62,48,160,48,44,36,128
4681,F,72,58,70,200,72,79,85,236
4682,M,64,67,64,195,90,75,86,251
4683,M,57,67,72,196,75,23,87,185
4684,M,66,67,70,203,78,91,86,255
4685,F,57,56,85,198,77,86,88,251
4686,M,66,58,52,176,68,63,62,193
4687,M,40,58,67,165,57,12,81,150
4688,M,59,65,82,206,54,45,91,190
4689,M,51,54,38,143,22,15,15,52
4690,F,48,55,57,160,17,26,80,123
4691,F,57,60,55,172,81,84,45,210
4692,F,50,53,44,147,46,62,52,160
4693,F,60,58,54,172,86,41,69,196
4694,F,54,51,46,151,28,30,54,112
4695,F,72,67,70,209,94,22,90,206
4696,F,59,67,90,216,96,64,100,260
4697,F,38,43,43,124,18,15,35,68
4698,F,51,44,42,137,18,33,62,113
4699,M,66,70,70,206,99,43,66,208
4700,F,66,82,78,226,88,85,91,264
4701,F,54,55,44,153,49,65,47,161
4702,F,72,73,65,210,67,38,77,182
4703,F,69,73,44,186,54,66,76,196
4704,M,63,67,76,206,75,84,61,220
4705,M,27,48,42,117,21,31,13,65
4706,F,64,64,90,218,67,33,93,193
4707,F,59,56,82,197,75,29,84,188
4708,F,66,60,48,174,97,49,22,168
4709,F,58,73,62,193,85,37,81,203
4710,M,51,58,49,158,27,73,45,145
4711,M,71,67,78,216,77,82,98,257
4712,F,61,70,59,190,95,60,27,182
4713,M,74,64,70,208,87,95,89,271
4714,M,64,70,46,180,44,84,75,203
4715,M,59,58,70,187,92,23,88,203
4716,F,51,52,54,157,46,56,65,167
4717,M,64,62,70,196,95,43,83,221
4718,M,51,50,50,151,26,25,8,59
4719,M,43,55,54,152,25,49,33,107
4720,M,63,60,53,176,78,70,74,222
4721,M,47,60,58,165,49,56,60,165
4722,F,52,62,49,163,55,34,42,131
4723,M,66,62,76,204,84,88,91,263
4724,F,57,60,68,185,71,83,92,246
4725,M,38,39,48,125,14,9,78,101
4726,F,63,67,57,187,67,33,68,168
4727,F,49,46,44,139,6,13,24,43
4728,M,77,70,82,229,93,59,93,245
4729,F,43,49,65,157,25,34,81,140
4730,M,71,73,50,194,55,83,55,193
4731,F,52,43,52,147,8,6,2,16
4732,F,71,56,60,187,65,73,60,198
4733,F,56,67,65,188,88,37,77,202
4734,F,60,56,58,174,77,43,51,171
4735,M,77,77,62,216,80,78,82,240
4736,F,45,54,48,147,22,29,40,91
4737,M,61,58,46,165,87,74,67,228
4738,F,54,49,53,156,14,15,56,85
4739,M,64,60,58,182,89,81,79,249
4740,M,64,65,60,189,70,93,54,217
4741,F,69,62,80,211,64,84,71,219
4742,F,43,51,46,140,35,10,60,105
4743,M,74,67,67,208,100,82,78,260
4744,M,49,46,50,145,55,12,65,132
4745,F,61,60,57,178,82,57,66,205
4746,F,57,60,57,174,26,54,59,139
4747,M,62,64,64,190,72,6,75,153
4748,M,75,77,76,228,73,81,92,246
4749,F,64,52,57,173,95,84,79,258
4750,F,48,45,62,155,43,65,86,194
4751,M,59,64,58,181,64,15,47,126
4752,F,69,77,85,231,99,53,99,251
4753,M,59,56,53,168,30,50,72,152
4754,M,64,62,72,198,43,64,91,198
4755,M,47,54,53,154,19,5,24,48
4756,M,63,62,65,190,92,56,85,233
4757,M,41,39,44,124,18,29,30,77
4758,F,53,58,54,165,63,53,64,180
4759,M,40,46,44,130,2,1,7,10
4760,F,72,77,78,227,100,98,87,285
4761,F,60,62,82,204,91,93,88,272
4762,M,61,58,52,171,32,70,62,164
4763,F,64,58,49,171,54,21,57,132
4764,M,66,65,52,183,53,51,52,156
4765,M,54,53,62,169,74,70,83,227
4766,M,51,50,43,144,52,46,44,142
4767,M,67,64,75,206,98,88,90,276
4768,M,68,70,48,186,61,76,62,199
4769,M,54,55,58,167,84,63,65,212
4770,M,77,82,68,227,100,88,79,267
4771,M,47,40,57,144,30,30,60,120
4772,F,64,52,57,173,89,71,71,231
4773,M,54,67,54,175,20,24,72,116
4774,M,50,47,44,141,31,17,6,54
4775,M,78,77,67,222,88,75,69,232
4776,M,66,58,65,189,67,71,79,217
4777,M,71,82,90,243,87,97,94,278
4778,M,54,51,55,160,48,37,60,145
4779,M,64,60,40,164,74,69,40,183
4780,F,66,60,67,193,88,74,82,244
4781,M,74,65,78,217,88,79,80,247
4782,F,65,73,54,192,93,95,66,254
4783,F,55,52,62,169,56,78,90,224
4784,F,57,58,67,182,68,63,83,214
4785,F,77,77,68,222,88,81,85,254
4786,M,52,55,42,149,33,26,11,70
4787,M,51,56,48,155,31,24,36,91
4788,F,56,53,40,149,40,35,7,82
4789,F,54,58,54,166,27,93,23,143
4790,M,53,58,90,201,60,71,99,230
4791,F,51,58,72,181,12,34,41,87
4792,M,55,58,67,180,56,27,82,165
4793,M,67,82,80,229,88,96,95,279
4794,F,64,60,60,184,71,94,82,247
4795,F,61,60,65,186,93,94,80,267
4796,F,53,50,49,152,48,44,31,123
4797,M,50,56,58,164,4,14,48,66
4798,M,63,56,82,201,74,88,91,253
4799,M,74,100,85,259,99,90,90,279
4800,F,77,67,59,203,80,83,83,246
4801,M,55,62,85,202,62,84,98,244
4802,M,87,77,80,244,97,94,94,285
4803,M,68,65,55,188,84,36,78,198
4804,F,61,48,43,152,77,62,51,190
4805,M,50,56,42,148,37,38,68,143
4806,F,60,70,40,170,38,84,54,176
4807,M,57,52,43,152,54,50,27,131
4808,M,60,52,43,155,64,50,25,139
4809,M,54,60,64,178,25,28,83,136
4810,F,71,70,80,221,36,62,90,188
4811,F,64,60,100,224,78,90,97,265
4812,F,81,82,76,239,92,91,67,250
4813,M,74,82,70,226,69,92,67,228
4814,F,59,56,59,174,79,59,73,211
4815,F,64,60,60,184,65,61,65,191
4816,F,74,77,74,225,86,88,87,261
4817,F,59,62,65,186,87,76,80,243
4818,F,72,60,64,196,35,73,78,186
4819,F,66,67,67,200,75,89,89,253
4820,F,81,70,54,205,52,93,82,227
4821,F,67,58,59,184,88,80,81,249
4822,F,59,58,64,181,82,54,81,217
4823,F,59,70,67,196,72,73,81,226
4824,F,63,62,68,193,54,25,76,155
4825,F,69,58,65,192,79,77,82,238
4826,F,66,51,55,172,39,61,62,162
4827,F,74,70,57,201,84,66,78,228
4828,F,69,67,80,216,70,38,88,196
4829,F,60,60,60,180,80,38,19,137
4830,F,57,58,59,174,48,43,76,167
4831,M,57,56,43,156,15,40,39,94
4832,M,58,51,50,159,46,45,1,92
4833,M,69,58,82,209,71,54,91,216
4834,M,60,65,76,201,73,67,82,222
4835,M,87,100,95,282,91,88,94,273
4836,M,65,67,100,232,92,89,100,281
4837,M,48,56,62,166,31,6,80,117
4838,M,59,55,67,181,12,56,63,131
4839,M,58,67,50,175,82,88,82,252
4840,F,68,67,70,205,60,62,83,205
4841,M,48,53,55,156,23,48,78,149
4842,F,54,57,80,191,59,89,88,236
4843,M,64,60,80,204,97,92,96,285
4844,F,57,53,44,154,20,56,35,111
4845,F,60,50,78,188,85,61,91,237
4846,F,57,65,65,187,78,82,80,240
4847,F,45,54,65,164,79,35,82,196
4848,F,58,54,54,166,10,34,55,99
4849,F,75,64,57,196,79,77,73,229
4850,M,54,60,67,181,48,67,83,198
4851,M,52,53,42,147,53,46,44,143
4852,M,59,67,78,204,63,75,90,228
4853,M,52,53,58,163,28,35,47,110
4854,M,66,67,76,209,73,80,94,247
4855,M,65,56,74,195,61,77,92,230
4856,M,66,82,65,213,93,93,16,202
4857,F,62,67,55,184,77,36,79,192
4858,M,78,82,80,240,88,94,95,277
4859,M,61,58,72,191,60,69,88,217
4860,M,58,60,55,173,48,76,80,204
4861,M,65,58,82,205,92,97,98,287
4862,M,81,91,78,250,96,98,91,285
4863,M,66,73,80,219,99,94,87,280
4864,F,64,60,68,192,40,38,82,160
4865,F,64,60,49,173,55,48,59,162
4866,F,56,65,54,175,69,64,73,206
4867,F,62,60,57,179,70,68,77,215
4868,F,47,64,68,179,63,76,94,233
4869,M,71,73,70,214,80,82,78,240
4870,M,56,67,55,178,67,83,83,233
4871,M,66,67,90,223,64,68,95,227
4872,M,69,62,59,190,81,82,81,244
4873,F,58,58,59,175,37,65,66,168
4874,M,100,90,100,290,98,95,99,292
4875,F,67,82,67,216,42,21,70,133
4876,F,56,67,54,177,49,26,58,133
4877,M,64,64,68,196,50,24,67,141
4878,F,54,51,52,157,14,37,15,66
4879,F,64,62,68,194,70,62,79,211
4880,M,75,77,82,234,91,100,97,288
4881,F,59,60,80,199,66,51,94,211
4882,M,64,65,76,205,15,57,88,160
4883,F,81,70,76,227,96,94,93,283
4884,M,61,58,90,209,100,96,96,292
4885,F,62,58,55,175,64,72,62,198
4886,M,49,56,53,158,58,32,25,115
4887,F,62,73,85,220,69,63,98,230
4888,F,87,90,78,255,90,93,97,280
4889,F,74,62,76,212,80,68,90,238
4890,F,72,70,67,209,91,91,85,267
4891,F,62,60,49,171,97,86,72,255
4892,F,60,70,68,198,70,78,86,234
4893,F,37,42,42,121,16,11,6,33
4894,M,54,62,68,184,89,84,85,258
4895,M,71,70,67,208,76,89,80,245
4896,M,55,58,49,162,61,70,41,172
4897,M,56,64,60,180,69,52,88,209
4898,F,68,56,74,198,100,89,89,278
4899,F,60,60,67,187,79,95,83,257
4900,M,95,91,95,281,96,95,98,289
4901,M,60,58,50,168,54,11,18,83
4902,F,64,62,67,193,79,28,93,200
4903,M,69,77,72,218,57,90,85,232
4904,M,52,49,44,145,9,13,43,65
4905,F,61,52,67,180,81,87,87,255
4906,M,63,62,53,178,53,52,55,160
4907,M,62,60,67,189,37,35,79,151
4908,F,74,67,59,200,63,70,78,211
4909,M,61,70,67,198,65,63,76,204
4910,F,69,67,78,214,84,68,92,244
4911,F,64,60,67,191,72,86,81,239
4912,M,74,91,90,255,99,97,98,294
4913,F,86,70,85,241,37,73,93,203
4914,M,71,67,67,205,99,91,92,282
4915,M,54,58,46,158,71,62,47,180
4916,M,77,82,72,231,79,31,93,203
4917,M,64,55,64,183,45,20,71,136
4918,F,53,46,49,148,44,33,54,131
4919,M,69,67,70,206,90,87,97,274
4920,M,64,58,55,177,85,72,75,232
4921,M,67,62,59,188,94,54,89,237
4922,M,64,65,46,175,77,89,23,189
4923,M,62,73,80,215,78,72,96,246
4924,M,58,60,70,188,96,89,84,269
4925,F,61,62,82,205,88,95,85,268
4926,F,61,67,62,190,20,46,74,140
4927,M,58,60,49,167,53,82,89,224
4928,F,57,58,50,165,54,5,43,102
4929,M,58,47,70,175,33,27,88,148
4930,M,72,54,70,196,85,98,90,273
4931,M,69,90,90,249,94,74,98,266
4932,F,62,60,57,179,86,69,73,228
4933,F,62,51,39,152,55,10,27,92
4934,F,51,60,52,163,75,78,64,217
4935,M,65,67,68,200,95,90,88,273
4936,F,35,53,49,137,37,52,40,129
4937,M,68,77,49,194,66,79,53,198
4938,F,62,55,75,192,83,3,87,173
4939,M,50,47,64,161,47,59,67,173
4940,M,54,51,54,159,77,56,80,213
4941,F,61,56,48,165,50,72,39,161
4942,F,66,77,76,219,95,100,92,287
4943,M,59,54,62,175,50,29,73,152
4944,M,61,58,52,171,77,90,84,251
4945,M,50,55,44,149,75,36,64,175
4946,M,65,62,55,182,57,65,78,200
4947,F,69,56,65,190,81,74,83,238
4948,M,65,56,62,183,72,21,87,180
4949,F,62,67,90,219,85,69,96,250
4950,F,75,67,90,232,86,95,100,281
4951,F,45,43,50,138,15,46,53,114
4952,F,60,64,65,189,53,63,79,195
4953,M,69,73,54,196,82,68,68,218
4954,F,56,47,53,156,93,30,27,150
4955,F,64,65,74,203,53,86,87,226
4956,M,51,46,46,143,72,54,52,178
4957,M,49,58,49,156,44,1,61,106
4958,F,71,60,62,193,94,71,75,240
4959,F,61,53,54,168,48,56,43,147
4960,M,55,64,57,176,79,81,51,211
4961,M,74,100,72,246,17,100,78,195
4962,M,71,73,85,229,82,90,100,272
4963,F,64,67,70,201,92,70,70,232
4964,M,50,60,57,167,65,35,20,120
4965,M,60,53,54,167,24,59,83,166
4966,M,57,55,46,158,49,20,39,108
4967,F,66,73,59,198,99,77,55,231
4968,F,53,52,44,149,43,15,36,94
4969,F,74,77,67,218,84,96,82,262
4970,F,81,77,78,236,84,92,93,269
4971,M,47,42,48,137,75,51,94,220
4972,M,60,58,68,186,79,10,52,141
4973,F,52,43,53,148,37,41,58,136
4974,F,47,46,53,146,34,36,54,124
4975,M,64,58,53,175,53,51,23,127
4976,F,71,65,68,204,84,74,92,250
4977,F,54,53,44,151,61,43,6,110
4978,M,58,60,67,185,79,94,61,234
4979,F,69,67,82,218,91,31,93,215
4980,M,43,50,49,142,42,43,26,111
4981,F,81,82,65,228,90,96,86,272
4982,F,53,56,46,155,8,42,58,108
4983,F,61,60,50,171,74,86,72,232
4984,F,59,67,68,194,73,70,63,206
4985,F,54,65,52,171,52,63,36,151
4986,F,74,70,67,211,6,1,87,94
4987,F,58,60,60,178,73,84,82,239
4988,M,61,58,80,199,79,57,93,229
4989,F,64,60,54,178,63,76,58,197
4990,F,59,50,64,173,32,29,63,124
4991,F,65,54,74,193,1,56,80,137
4992,M,55,58,50,163,53,47,68,168
4993,F,47,52,54,153,35,40,63,138
4994,F,56,56,64,176,40,14,83,137
4995,M,58,73,67,198,34,62,75,171
4996,F,71,82,82,235,99,87,96,282
4997,M,62,67,43,172,72,68,52,192
4998,M,56,56,57,169,80,77,59,216
4999,M,48,49,50,147,10,23,62,95
5000,M,58,58,48,164,70,64,49,183
5001,M,74,77,68,219,98,83,87,268
5002,M,58,62,70,190,3,85,86,174
5003,M,56,60,44,160,74,40,36,150
5004,F,58,65,57,180,12,23,65,100
5005,M,46,58,54,158,59,69,70,198
5006,F,56,47,68,171,85,40,92,217
5007,F,51,58,50,159,47,58,33,138
5008,M,48,51,46,145,28,17,55,100
5009,F,51,54,57,162,1,2,68,71
5010,M,52,58,50,160,18,61,69,148
5011,F,57,52,43,152,88,55,72,215
5012,F,48,30,64,142,39,44,84,167
5013,M,63,70,50,183,92,86,42,220
5014,M,74,70,46,190,88,86,75,249
5015,F,43,49,42,134,26,60,32,118
5016,M,67,60,39,166,80,58,5,143
5017,M,68,73,80,221,72,83,93,248
5018,F,49,62,54,165,34,39,44,117
5019,M,66,56,70,192,91,68,91,250
5020,M,60,58,58,176,53,61,65,179
5021,F,60,70,55,185,87,23,7,117
5022,F,52,67,46,165,86,11,35,132
5023,M,52,51,49,152,14,9,25,48
5024,M,66,77,65,208,87,83,95,265
5025,M,71,67,78,216,94,96,93,283
5026,M,72,82,95,249,96,90,95,281
5027,M,87,82,95,264,99,71,100,270
5028,F,64,62,95,221,90,87,97,274
5029,M,64,51,62,177,83,87,86,256
5030,M,52,53,78,183,24,3,89,116
5031,M,58,58,54,170,89,92,78,259
5032,F,61,64,58,183,27,7,77,111
5033,F,63,52,57,172,55,85,69,209
5034,F,53,60,62,175,71,70,65,206
5035,F,74,70,80,224,94,92,91,277
5036,F,55,60,36,151,50,11,32,93
5037,F,51,56,49,156,45,68,55,168
5038,F,54,51,59,164,47,52,80,179
5039,F,63,70,59,192,71,89,72,232
5040,F,66,58,80,204,85,60,100,245
5041,F,64,60,95,219,89,85,95,269
5042,F,58,47,68,173,59,29,85,173
5043,M,64,73,48,185,86,78,61,225
5044,F,69,58,74,201,97,79,95,271
5045,M,53,62,64,179,31,59,87,177
5046,M,60,60,76,196,52,51,90,193
5047,M,66,65,65,196,18,52,81,151
5048,F,60,62,67,189,82,63,53,198
5049,M,61,82,80,223,84,68,94,246
5050,M,69,68,80,217,86,92,93,271
5051,F,77,64,90,231,90,96,95,281
5052,F,56,62,58,176,43,29,78,150
5053,F,45,53,54,152,54,19,42,115
5054,F,66,54,80,200,77,71,93,241
5055,M,61,60,70,191,62,57,84,203
5056,M,75,77,90,242,92,93,100,285
5057,F,66,73,85,224,63,44,96,203
5058,M,69,58,62,189,64,73,92,229
5059,F,81,73,80,234,94,62,84,240
5060,M,60,55,58,173,71,67,85,223
5061,M,58,62,48,168,65,31,30,126
5062,F,72,77,80,229,84,83,92,259
5063,F,63,67,90,220,96,94,100,290
5064,F,56,67,95,218,77,83,92,252
5065,F,69,58,67,194,76,31,77,184
5066,M,57,56,55,168,4,27,86,117
5067,M,48,60,49,157,63,83,18,164
5068,F,67,62,53,182,51,38,72,161
5069,F,61,62,59,182,72,76,63,211
5070,M,75,77,54,206,100,100,89,289
5071,M,67,73,58,198,81,54,76,211
5072,M,42,44,40,126,15,26,32,73
5073,F,51,52,53,156,18,4,65,87
5074,F,65,82,80,227,84,96,96,276
5075,F,69,62,82,213,89,78,97,264
5076,F,69,67,72,208,96,96,96,288
5077,F,62,60,67,189,75,58,89,222
5078,F,56,52,70,178,59,89,83,231
5079,M,86,91,76,253,92,96,95,283
5080,M,45,55,70,170,6,48,82,136
5081,M,64,62,95,221,90,78,94,262
5082,F,65,58,64,187,57,54,75,186
5083,F,63,70,72,205,96,81,92,269
5084,M,54,58,44,156,57,60,61,178
5085,F,64,55,67,186,58,67,91,216
5086,M,60,60,52,172,61,84,61,206
5087,F,66,62,76,204,61,63,93,217
5088,F,52,67,68,187,52,58,85,195
5089,F,59,51,46,156,56,47,41,144
5090,F,67,64,72,203,81,62,92,235
5091,F,57,65,44,166,32,64,26,122
5092,M,46,47,50,143,53,43,6,102
5093,M,55,52,52,159,33,68,83,184
5094,M,40,40,44,124,4,15,14,33
5095,F,59,60,74,193,66,74,81,221
5096,M,74,65,62,201,94,39,67,200
5097,M,77,77,78,232,93,12,92,197
5098,F,58,62,65,185,51,60,85,196
5099,M,65,77,85,227,80,90,93,263
5100,F,65,73,78,216,88,97,83,268
5101,F,69,62,64,195,50,60,80,190
5102,M,56,58,57,171,35,33,45,113
5103,M,81,70,90,241,98,96,99,293
5104,M,69,73,78,220,99,95,94,288
5105,F,60,77,60,197,90,61,91,242
5106,M,74,64,67,205,62,53,83,198
5107,M,60,58,59,177,81,52,83,216
5108,M,69,77,82,228,97,77,95,269
5109,M,53,44,49,146,70,6,66,142
5110,M,63,62,49,174,16,93,76,185
5111,M,58,55,49,162,75,14,71,160
5112,M,74,65,54,193,85,87,61,233
5113,F,61,46,59,166,82,69,71,222
5114,F,52,47,52,151,10,44,65,119
5115,F,74,60,59,193,49,50,54,153
5116,F,52,51,53,156,31,38,38,107
5117,M,52,45,52,149,14,74,57,145
5118,M,46,60,53,159,81,82,64,227
5119,F,48,58,53,159,45,21,39,105
5120,M,77,82,85,244,87,97,96,280
5121,F,72,62,82,216,85,70,91,246
5122,F,52,67,59,178,49,51,81,181
5123,M,66,73,55,194,98,97,85,280
5124,F,57,53,48,158,77,10,65,152
5125,F,54,62,78,194,63,34,82,179
5126,F,69,70,85,224,97,93,99,289
5127,M,51,50,38,139,75,60,66,201
5128,F,75,64,74,213,90,92,90,272
5129,F,100,100,100,300,99,97,100,296
5130,F,48,60,40,148,39,34,17,90
5131,F,68,77,74,219,45,48,92,185
5132,F,77,65,90,232,99,100,100,299
5133,F,63,62,70,195,64,79,82,225
5134,F,59,62,67,188,71,86,89,246
5135,F,81,77,76,234,97,96,97,290
5136,F,59,56,58,173,63,25,82,170
5137,F,66,65,68,199,94,82,91,267
5138,F,82,73,55,210,65,77,75,217
5139,F,69,67,85,221,98,94,99,291
5140,F,59,77,60,196,75,69,63,207
5141,F,95,82,78,255,100,92,76,268
5142,M,60,67,55,182,81,52,85,218
5143,F,66,64,64,194,62,88,55,205
5144,M,56,65,68,189,78,82,85,245
5145,F,65,62,88,215,97,88,99,284
5146,M,72,70,50,192,82,94,91,267
5147,F,61,56,49,166,60,61,57,178
5148,F,68,62,68,198,89,81,74,244
5149,F,57,64,58,179,26,23,62,111
5150,M,54,62,67,183,80,72,88,240
5151,M,66,77,67,210,92,97,97,286
5152,F,77,73,59,209,80,98,87,265
5153,F,52,51,49,152,12,3,36,51
5154,F,64,56,82,202,19,74,90,183
5155,M,53,56,76,185,63,49,93,205
5156,M,86,77,90,253,97,98,100,295
5157,F,55,56,60,171,9,31,92,132
5158,F,74,65,60,199,82,67,75,224
5159,M,62,58,57,177,62,96,88,246
5160,F,54,56,58,168,17,52,45,114
5161,F,71,73,74,218,82,70,95,247
5162,F,52,45,49,146,9,39,67,115
5163,F,64,77,70,211,89,82,96,267
5164,M,60,60,80,200,90,82,99,271
5165,M,68,58,82,208,76,74,92,242
5166,F,54,56,48,158,22,51,50,123
5167,F,72,73,65,210,92,79,71,242
5168,F,87,67,95,249,100,83,98,281
5169,M,71,67,76,214,90,86,96,272
5170,M,69,67,74,210,83,86,86,255
5171,F,66,60,65,191,62,83,84,229
5172,M,46,53,62,161,44,58,66,168
5173,F,62,58,49,169,39,69,85,193
5174,M,60,77,60,197,73,68,78,219
5175,F,50,56,52,158,29,15,62,106
5176,M,54,49,44,147,42,19,67,128
5177,M,64,77,70,211,85,92,79,256
5178,F,58,67,76,201,96,69,91,256
5179,F,46,47,48,141,26,35,37,98
5180,F,77,62,80,219,89,61,94,244
5181,M,62,62,48,172,42,24,17,83
5182,F,58,67,82,207,88,90,92,270
5183,F,64,58,62,184,9,45,28,82
5184,F,69,66,82,217,83,94,90,267
5185,F,60,67,58,185,84,88,81,253
5186,F,62,58,54,174,26,43,69,138
5187,F,61,56,64,181,68,54,83,205
5188,F,56,56,65,177,28,82,82,192
5189,F,75,67,74,216,98,63,91,252
5190,F,64,47,50,161,65,48,31,144
5191,F,58,45,57,160,96,46,64,206
5192,M,50,55,49,154,47,60,28,135
5193,F,62,51,53,166,51,60,60,171
5194,M,66,62,78,206,94,69,89,252
5195,F,62,70,58,190,77,68,75,220
5196,F,53,62,49,164,53,20,52,125
5197,F,62,58,68,188,86,87,79,252
5198,F,87,73,90,250,96,84,92,272
5199,F,74,90,100,264,92,96,100,288
5200,M,63,82,76,221,69,96,88,253
5201,M,51,58,82,191,47,48,80,175
5202,M,47,48,52,147,53,48,39,140
5203,M,48,43,54,145,9,2,47,58
5204,F,54,43,49,146,12,17,16,45
5205,F,72,77,55,204,72,97,71,240
5206,M,71,70,70,211,97,83,74,254
5207,F,61,58,57,176,80,52,82,214
5208,F,66,65,60,191,87,81,80,248
5209,M,67,64,64,195,81,50,72,203
5210,M,63,62,85,210,99,33,94,226
5211,M,56,55,62,173,24,66,74,164
5212,F,66,58,65,189,56,77,90,223
5213,F,60,58,62,180,61,56,53,170
5214,F,67,60,82,209,73,58,86,217
5215,M,64,58,44,166,87,63,81,231
5216,M,64,67,53,184,76,39,71,186
5217,F,60,60,53,173,45,36,31,112
5218,M,62,64,54,180,84,71,75,230
5219,F,65,54,67,186,93,60,72,225
5220,M,64,65,60,189,61,73,85,219
5221,F,62,58,60,180,19,62,77,158
5222,F,47,56,57,160,57,57,57,171
5223,M,58,67,50,175,61,65,76,202
5224,M,51,54,48,153,52,44,46,142
5225,F,55,58,60,173,90,86,73,249
5226,F,66,65,90,221,90,96,97,283
5227,F,72,67,72,211,89,92,89,270
5228,F,68,67,78,213,55,72,85,212
5229,F,62,62,50,174,96,89,73,258
5230,F,48,49,42,139,52,38,26,116
5231,F,90,86,73,249,89,91,86,266
5232,M,55,62,58,175,46,53,65,164
5233,M,68,58,53,179,67,61,48,176
5234,M,66,65,57,188,80,73,86,239
5235,F,63,62,58,183,58,55,81,194
5236,M,57,62,55,174,89,85,31,205
5237,F,47,46,42,135,6,26,32,64
5238,F,87,82,95,264,99,100,94,293
5239,M,46,53,48,147,69,75,18,162
5240,F,59,55,46,160,70,31,4,105
5241,F,53,58,64,175,53,82,79,214
5242,F,74,67,82,223,88,96,90,274
5243,F,77,73,82,232,73,75,83,231
5244,M,64,77,60,201,96,98,77,271
5245,F,72,64,50,186,94,78,87,259
5246,F,75,73,78,226,92,97,99,288
5247,F,74,70,62,206,32,56,63,151
5248,M,77,91,95,263,98,100,95,293
5249,M,38,41,52,131,5,3,20,28
5250,F,71,70,90,231,100,92,99,291
5251,F,55,62,60,177,76,93,73,242
5252,F,56,56,64,176,63,75,86,224
5253,F,60,60,80,200,78,68,89,235
5254,M,65,67,67,199,70,96,93,259
5255,F,62,56,50,168,86,44,72,202
5256,M,60,60,42,162,59,71,25,155
5257,M,47,44,64,155,5,86,63,154
5258,F,52,58,43,153,23,14,14,51
5259,M,62,64,54,180,79,58,87,224
5260,M,69,82,50,201,81,67,19,167
5261,M,66,70,49,185,55,57,41,153
5262,F,43,45,46,134,25,9,64,98
5263,F,66,58,52,176,57,38,84,179
5264,M,57,55,62,174,41,75,83,199
5265,M,71,60,65,196,98,48,83,229
5266,M,68,91,58,217,98,99,84,281
5267,M,53,62,50,165,45,38,57,140
5268,M,54,65,67,186,55,3,75,133
5269,F,77,77,90,244,85,94,100,279
5270,F,57,60,78,195,77,55,93,225
5271,F,52,55,52,159,21,52,64,137
5272,M,41,60,50,151,10,20,41,71
5273,F,78,70,82,230,82,88,90,260
5274,F,54,56,48,158,20,71,14,105
5275,F,62,60,65,187,65,73,84,222
5276,M,61,50,50,161,23,5,63,91
5277,F,66,77,72,215,92,96,83,271
5278,F,62,70,72,204,93,76,85,254
5279,M,58,53,46,157,86,73,65,224
5280,M,54,67,72,193,39,67,88,194
5281,M,66,67,52,185,31,73,77,181
5282,F,69,67,68,204,69,90,80,239
5283,M,48,43,49,140,74,27,27,128
5284,M,74,73,76,223,95,73,88,256
5285,M,52,51,42,145,76,65,40,181
5286,M,58,56,64,178,61,40,66,167
5287,F,58,58,50,166,68,54,41,163
5288,F,62,67,67,196,74,41,86,201
5289,M,51,54,48,153,41,23,8,72
5290,M,66,67,64,197,96,78,97,271
5291,M,60,62,59,181,21,5,71,97
5292,F,66,77,50,193,80,8,40,128
5293,F,62,58,60,180,72,52,64,188
5294,F,74,67,78,219,97,85,96,278
5295,M,69,60,68,197,91,26,85,202
5296,M,75,77,68,220,91,91,86,268
5297,M,56,60,48,164,53,82,19,154
5298,F,56,49,48,153,49,63,45,157
5299,F,74,62,78,214,61,58,77,196
5300,F,52,47,54,153,40,48,50,138
5301,M,74,82,78,234,95,98,98,291
5302,F,62,56,64,182,21,10,73,104
5303,F,66,65,90,221,92,36,97,225
5304,M,48,56,49,153,3,39,29,71
5305,F,58,62,67,187,64,84,86,234
5306,M,47,54,49,150,63,17,20,100
5307,M,69,64,70,203,72,38,89,199
5308,F,62,67,72,201,65,95,91,251
5309,F,53,52,55,160,84,92,60,236
5310,M,64,82,78,224,78,90,93,261
5311,M,74,77,85,236,91,98,89,278
5312,M,68,82,72,222,83,88,92,263
5313,M,56,47,54,157,24,3,21,48
5314,F,71,64,59,194,91,79,84,254
5315,F,72,90,90,252,84,91,87,262
5316,F,68,67,90,225,94,84,89,267
5317,F,62,55,53,170,77,26,7,110
5318,F,69,70,90,229,94,90,95,279
5319,F,49,52,43,144,41,53,48,142
5320,M,59,55,76,190,48,67,51,166
5321,M,64,64,70,198,37,46,79,162
5322,M,43,39,39,121,8,8,43,59
5323,M,74,91,95,260,96,99,100,295
5324,F,77,64,95,236,89,89,95,273
5325,M,71,82,100,253,98,99,100,297
5326,M,74,62,76,212,76,80,95,251
5327,M,69,82,82,233,97,94,97,288
5328,M,66,62,90,218,69,85,83,237
5329,F,87,73,80,240,21,82,97,200
5330,M,54,67,65,186,59,71,18,148
5331,F,87,67,85,239,100,94,100,294
5332,M,69,77,72,218,91,94,90,275
5333,M,52,49,50,151,29,34,74,137
5334,F,59,52,38,149,15,22,51,88
5335,M,74,91,85,250,85,16,94,195
5336,M,86,65,90,241,99,95,98,292
5337,M,71,70,82,223,73,58,52,183
5338,M,74,67,74,215,55,86,92,233
5339,F,77,82,82,241,98,67,80,245
5340,M,56,45,58,159,39,15,60,114
5341,M,66,64,62,192,57,71,74,202
5342,M,61,62,72,195,65,67,96,228
5343,M,74,70,82,226,92,88,82,262
5344,M,77,82,76,235,76,1,86,163
5345,F,64,70,59,193,59,3,83,145
5346,F,87,70,74,231,79,85,87,251
5347,M,77,77,65,219,67,89,75,231
5348,M,59,70,68,197,90,76,81,247
5349,M,77,70,70,217,89,76,89,254
5350,M,71,73,74,218,85,70,90,245
5351,M,67,70,78,215,56,39,81,176
5352,M,67,62,78,207,100,60,97,257
5353,F,78,67,78,223,88,92,92,272
5354,F,59,60,64,183,78,83,67,228
5355,F,72,56,59,187,41,1,78,120
5356,M,66,67,85,218,72,95,94,261
5357,F,49,60,43,152,21,47,14,82
5358,F,45,45,53,143,44,28,48,120
5359,F,43,36,43,122,41,17,34,92
5360,F,74,70,64,208,100,99,84,283
5361,F,59,52,43,154,62,59,72,193
5362,F,54,41,76,171,50,58,83,191
5363,F,59,56,50,165,54,74,68,196
5364,M,64,60,59,183,15,53,80,148
5365,M,77,82,65,224,91,99,89,279
5366,M,63,58,67,188,32,70,79,181
5367,M,38,56,52,146,30,27,45,102
5368,M,72,64,82,218,94,93,93,280
5369,M,60,62,58,180,15,19,67,101
5370,F,64,56,52,172,72,61,70,203
5371,F,63,54,76,193,74,4,88,166
5372,F,53,60,62,175,19,85,83,187
5373,M,74,60,68,202,80,25,92,197
5374,F,56,58,62,176,27,32,54,113
5375,M,87,82,85,254,97,73,93,263
5376,M,87,82,95,264,98,96,98,292
5377,M,58,60,64,182,61,31,78,170
5378,F,74,77,62,213,84,95,49,228
5379,F,53,50,58,161,28,40,37,105
5380,F,66,62,57,185,94,86,69,249
5381,F,47,56,44,147,21,72,19,112
5382,F,49,48,49,146,45,47,51,143
5383,F,58,62,65,185,81,89,75,245
5384,F,66,53,46,165,66,83,59,208
5385,F,52,43,48,143,54,31,36,121
5386,F,54,62,64,180,75,87,77,239
5387,F,77,65,67,209,93,96,88,277
5388,M,82,82,85,249,92,75,98,265
5389,F,64,62,55,181,72,17,79,168
5390,F,52,53,58,163,58,13,74,145
5391,M,74,77,72,223,88,97,97,282
5392,M,58,45,46,149,35,2,72,109
5393,F,57,65,53,175,82,25,55,162
5394,F,87,58,78,223,95,90,93,278
5395,F,67,62,52,181,74,74,65,213
5396,F,38,45,36,119,2,1,48,51
5397,F,49,60,49,158,25,2,62,89
5398,F,55,46,57,158,53,30,78,161
5399,F,56,53,42,151,19,23,29,71
5400,F,60,70,72,202,18,23,87,128
5401,F,64,58,52,174,20,60,34,114
5402,F,64,65,68,197,79,90,97,266
5403,F,59,67,76,202,52,49,90,191
5404,F,66,67,55,188,77,82,77,236
5405,M,56,91,50,197,86,86,63,235
5406,F,50,58,52,160,25,63,40,128
5407,M,66,56,57,179,70,7,16,93
5408,M,59,56,50,165,57,61,42,160
5409,F,52,56,57,165,63,43,74,180
5410,M,60,67,49,176,66,95,54,215
5411,M,66,62,57,185,94,98,68,260
5412,M,68,51,62,181,92,25,77,194
5413,F,64,60,54,178,48,54,33,135
5414,M,64,51,52,167,11,49,66,126
5415,M,57,60,65,182,91,27,84,202
5416,M,66,60,65,191,60,57,73,190
5417,F,49,50,48,147,49,58,50,157
5418,M,69,70,76,215,85,98,99,282
5419,F,77,73,78,228,92,87,95,274
5420,M,81,67,57,205,94,84,87,265
5421,F,48,56,62,166,34,65,60,159
5422,M,43,53,49,145,69,61,45,175
5423,F,87,67,42,196,74,63,1,138
5424,F,62,56,65,183,69,59,75,203
5425,F,65,60,44,169,93,62,86,241
5426,F,45,46,49,140,17,57,57,131
5427,M,56,58,52,166,36,6,56,98
5428,F,77,62,59,198,60,84,64,208
5429,F,67,60,50,177,46,9,73,128
5430,F,61,62,57,180,37,47,85,169
5431,M,69,62,60,191,56,29,79,164
5432,M,56,70,49,175,70,32,74,176
5433,M,45,44,44,133,21,29,34,84
5434,M,71,67,80,218,91,77,97,265
5435,M,74,70,64,208,74,98,89,261
5436,F,50,36,49,135,20,56,16,92
5437,F,59,54,48,161,57,66,30,153
5438,F,64,67,85,216,98,96,96,290
5439,F,66,65,70,201,77,83,87,247
5440,F,48,47,44,139,9,6,16,31
5441,F,66,60,55,181,79,68,27,174
5442,M,58,52,49,159,71,48,63,182
5443,F,61,54,48,163,22,57,47,126
5444,F,59,65,65,189,84,88,60,232
5445,M,55,54,64,173,71,92,72,235
5446,M,74,70,82,226,87,88,98,273
5447,F,53,46,44,143,29,12,36,77
5448,F,65,54,62,181,60,50,87,197
5449,F,47,44,42,133,16,41,14,71
5450,F,60,58,85,203,83,90,99,272
5451,M,67,67,50,184,62,91,59,212
5452,M,49,50,50,149,49,44,18,111
5453,F,56,58,44,158,65,55,15,135
5454,M,71,73,72,216,97,85,85,267
5455,M,47,44,49,140,14,56,60,130
5456,M,63,57,85,205,50,64,97,211
5457,F,63,58,44,165,83,88,47,218
5458,M,55,58,64,177,45,87,77,209
5459,M,72,62,58,192,88,93,88,269
5460,F,72,64,64,200,67,65,57,189
5461,M,58,64,72,194,81,88,86,255
5462,M,58,56,65,179,73,81,88,242
5463,F,65,64,78,207,74,92,92,258
5464,M,55,67,68,190,1,72,84,157
5465,M,63,56,55,174,88,67,38,193
5466,F,58,65,58,181,79,76,61,216
5467,F,54,43,54,151,28,2,83,113
5468,M,62,64,53,179,68,84,62,214
5469,M,74,60,68,202,65,83,91,239
5470,F,72,73,78,223,95,92,86,273
5471,M,46,49,55,150,37,56,69,162
5472,M,64,73,85,222,86,57,92,235
5473,M,62,55,42,159,80,67,54,201
5474,M,58,55,53,166,70,91,80,241
5475,M,67,60,68,195,74,4,84,162
5476,M,62,67,62,191,97,64,86,247
5477,M,60,58,57,175,82,56,57,195
5478,F,54,51,46,151,52,99,77,228
5479,M,55,58,43,156,28,33,61,122
5480,M,69,100,82,251,90,67,96,253
5481,F,66,67,57,190,14,5,74,93
5482,F,60,56,74,190,67,72,90,229
5483,F,64,64,72,200,53,75,93,221
5484,M,60,54,49,163,68,78,26,172
5485,F,65,62,57,184,81,1,86,168
5486,M,57,56,48,161,51,78,53,182
5487,M,65,67,65,197,61,49,69,179
5488,F,72,64,76,212,84,83,82,249
5489,M,65,64,67,196,93,80,71,244
5490,F,66,52,54,172,15,16,58,89
5491,M,66,77,82,225,95,88,78,261
5492,F,68,56,62,186,46,44,80,170
5493,M,75,73,67,215,81,47,84,212
5494,F,65,62,65,192,58,29,78,165
5495,F,49,46,44,139,38,22,2,62
5496,F,64,56,58,178,33,43,69,145
5497,F,38,39,49,126,17,13,9,39
5498,M,71,55,40,166,44,38,30,112
5499,M,57,53,46,156,30,2,40,72
5500,F,64,62,70,196,97,82,89,268
5501,F,74,91,82,247,86,96,95,277
5502,F,58,62,68,188,71,70,79,220
5503,F,78,73,78,229,82,85,93,260
5504,M,48,60,53,161,31,1,33,65
5505,M,71,70,53,194,93,92,39,224
5506,M,78,76,92,246,92,95,100,287
5507,F,60,56,74,190,96,80,84,260
5508,F,66,65,57,188,79,3,36,118
5509,F,59,70,57,186,28,61,55,144
5510,F,71,82,62,215,81,95,81,257
5511,F,53,42,48,143,27,48,13,88
5512,F,55,46,52,153,68,40,41,149
5513,F,64,62,57,183,87,69,74,230
5514,F,62,56,67,185,75,85,76,236
5515,F,72,73,82,227,96,89,87,272
5516,M,50,55,52,157,23,32,49,104
5517,F,77,67,82,226,49,94,93,236
5518,M,56,58,48,162,32,64,34,130
5519,F,63,56,60,179,64,79,64,207
5520,M,71,82,95,248,88,100,98,286
5521,M,69,77,78,224,97,93,97,287
5522,F,57,60,50,167,80,73,67,220
5523,F,74,67,70,211,95,17,83,195
5524,F,59,58,46,163,27,33,8,68
5525,F,69,67,80,216,97,87,88,272
5526,F,56,48,78,182,78,74,87,239
5527,M,69,77,62,208,46,4,86,136
5528,F,77,77,80,234,81,100,93,274
5529,F,67,82,100,249,96,68,99,263
5530,F,74,67,90,231,90,78,91,259
5531,F,78,67,90,235,57,80,91,228
5532,F,64,70,82,216,31,31,93,155
5533,F,55,58,50,163,5,15,35,55
5534,F,66,73,76,215,72,92,90,254
5535,F,64,56,59,179,47,49,55,151
5536,F,82,67,67,216,98,92,92,282
5537,F,51,54,46,151,52,66,49,167
5538,M,56,58,48,162,57,68,24,149
5539,F,60,67,67,194,91,79,87,257
5540,M,78,64,58,200,72,95,79,246
5541,F,61,65,72,198,97,92,90,279
5542,F,62,56,57,175,77,88,66,231
5543,F,81,73,74,228,82,91,84,257
5544,F,56,53,54,163,57,51,77,185
5545,M,53,54,42,149,42,14,14,70
5546,M,77,82,85,244,88,90,96,274
5547,F,62,62,53,177,82,43,37,162
5548,F,61,55,44,160,4,17,12,33
5549,F,53,52,55,160,61,50,48,159
5550,M,65,62,64,191,80,77,81,238
5551,M,77,70,74,221,76,37,96,209
5552,F,57,62,54,173,3,7,64,74
5553,F,57,53,48,158,60,77,6,143
5554,M,71,100,74,245,96,90,85,271
5555,M,61,77,70,208,74,83,94,251
5556,M,58,62,60,180,72,82,82,236
5557,M,62,58,54,174,66,86,77,229
5558,M,66,77,72,215,93,95,94,282
5559,M,62,56,52,170,41,39,49,129
5560,M,74,70,78,222,98,92,97,287
5561,M,57,56,46,159,50,40,46,136
5562,M,67,70,80,217,87,92,96,275
5563,M,50,53,49,152,55,66,70,191
5564,F,69,64,74,207,57,12,64,133
5565,M,67,62,54,183,72,85,69,226
5566,M,65,67,72,204,95,95,91,281
5567,F,55,64,55,174,57,80,64,201
5568,M,43,55,53,151,64,26,76,166
5569,M,65,58,74,197,86,91,96,273
5570,M,58,58,82,198,57,74,97,228
5571,F,64,58,52,174,62,71,20,153
5572,M,71,82,74,227,92,95,79,266
5573,M,58,65,54,177,37,11,7,55
5574,M,62,60,58,180,64,22,81,167
5575,F,50,53,76,179,40,78,86,204
5576,M,81,90,95,266,83,97,93,273
5577,M,48,49,60,157,4,15,5,24
5578,F,64,62,54,180,53,48,73,174
5579,F,69,64,64,197,93,78,63,234
5580,M,74,62,60,196,90,95,70,255
5581,F,54,57,55,166,22,66,73,161
5582,F,55,52,48,155,80,56,30,166
5583,M,61,67,43,171,47,91,71,209
5584,M,57,58,42,157,1,4,72,77
5585,M,56,62,65,183,65,71,85,221
5586,M,74,73,82,229,88,75,94,257
5587,F,47,40,43,130,41,24,35,100
5588,F,74,67,100,241,97,84,100,281
5589,F,38,51,43,132,50,6,16,72
5590,M,58,60,60,178,97,82,74,253
5591,M,87,100,80,267,80,89,93,262
5592,F,75,62,95,232,76,80,92,248
5593,M,75,67,82,224,85,94,91,270
5594,F,59,82,82,223,21,1,85,107
5595,F,77,77,67,221,96,99,78,273
5596,M,100,77,85,262,88,95,98,281
5597,F,74,67,58,199,55,80,74,209
5598,M,87,90,74,251,93,99,90,282
5599,F,78,73,95,246,89,99,96,284
5600,M,72,77,80,229,87,99,95,281
5601,M,64,67,44,175,95,89,56,240
5602,F,63,54,60,177,53,55,78,186
5603,M,87,90,78,255,63,98,99,260
5604,M,61,62,52,175,88,100,57,245
5605,M,87,70,95,252,93,14,98,205
5606,M,69,58,68,195,56,75,89,220
5607,M,61,62,76,199,76,83,86,245
5608,M,51,58,53,162,68,47,70,185
5609,F,64,55,46,165,61,47,8,116
5610,M,69,67,72,208,78,75,90,243
5611,M,71,91,80,242,99,92,91,282
5612,F,87,73,95,255,39,17,99,155
5613,F,71,62,68,201,1,5,72,78
5614,M,66,55,100,221,12,25,96,133
5615,F,78,64,85,227,2,2,80,84
5616,M,69,64,80,213,89,93,9,191
5617,M,60,56,78,194,87,5,98,190
5618,M,78,77,74,229,99,100,88,287
5619,F,69,58,48,175,35,75,70,180
5620,M,58,77,49,184,88,86,30,204
5621,M,48,51,46,145,27,37,30,94
5622,M,64,58,60,182,70,65,51,186
5623,F,59,47,55,161,11,38,35,84
5624,F,56,51,44,151,54,62,37,153
5625,F,56,60,54,170,76,91,74,241
5626,F,51,52,49,152,80,78,22,180
5627,F,57,73,59,189,56,70,73,199
5628,M,69,77,90,236,92,92,92,276
5629,F,64,60,64,188,64,94,75,233
5630,F,62,67,53,182,70,55,60,185
5631,M,60,58,55,173,75,66,83,224
5632,F,64,67,55,186,94,22,86,202
5633,M,54,51,60,165,35,16,40,91
5634,M,58,51,38,147,77,30,37,144
5635,M,66,60,70,196,50,95,86,231
5636,F,56,52,50,158,67,70,9,146
5637,M,58,62,68,188,64,89,80,233
5638,M,54,53,44,151,33,1,77,111
5639,M,52,56,49,157,28,37,43,108
5640,M,47,46,49,142,3,5,4,12
5641,M,56,55,53,164,23,65,10,98
5642,M,62,55,49,166,70,73,69,212
5643,M,45,48,44,137,97,84,87,268
5644,F,64,62,60,186,79,53,77,209
5645,M,69,73,68,210,88,97,85,270
5646,F,66,55,68,189,77,11,80,168
5647,M,63,64,44,171,72,89,57,218
5648,F,64,73,78,215,86,43,83,212
5649,M,47,44,42,133,50,41,14,105
5650,F,71,67,78,216,72,29,80,181
5651,M,59,56,53,168,95,84,63,242
5652,M,53,58,52,163,58,31,84,173
5653,F,78,73,85,236,94,93,95,282
5654,F,66,58,78,202,77,55,71,203
5655,F,56,50,55,161,65,72,60,197
5656,F,57,55,72,184,31,6,83,120
5657,F,81,73,100,254,98,91,97,286
5658,M,73,64,67,204,86,9,92,187
5659,F,51,52,44,147,49,25,39,113
5660,F,77,73,85,235,91,97,100,288
5661,F,74,65,95,234,89,97,100,286
5662,F,71,73,90,234,91,71,98,260
5663,F,66,77,80,223,92,94,92,278
5664,F,78,67,85,230,97,81,97,275
5665,F,61,62,95,218,81,69,97,247
5666,F,66,60,67,193,73,37,87,197
5667,F,68,62,76,206,77,70,69,216
5668,F,61,52,60,173,31,75,75,181
5669,F,45,49,64,158,15,9,71,95
5670,F,66,70,76,212,94,96,94,284
5671,F,68,60,90,218,92,69,90,251
5672,F,72,62,80,214,80,73,92,245
5673,F,100,82,100,282,98,87,98,283
5674,M,74,67,68,209,73,5,91,169
5675,M,57,56,74,187,46,8,67,121
5676,M,61,73,57,191,63,42,76,181
5677,M,45,46,48,139,34,14,22,70
5678,M,62,73,64,199,67,85,80,232
5679,F,56,56,52,164,31,39,31,101
5680,F,61,65,50,176,37,47,46,130
5681,F,59,55,55,169,68,68,55,191
5682,M,66,67,60,193,93,96,63,252
5683,M,67,60,82,209,97,77,90,264
5684,M,52,51,49,152,71,50,27,148
5685,F,52,51,46,149,6,10,34,50
5686,M,69,60,58,187,74,71,47,192
5687,F,66,67,60,193,97,90,87,274
5688,F,56,53,50,159,88,90,46,224
5689,M,62,53,67,182,89,60,85,234
5690,M,77,67,72,216,80,13,90,183
5691,M,69,73,70,212,98,19,90,207
5692,M,71,70,74,215,99,98,95,292
5693,M,48,45,46,139,1,49,59,109
5694,F,56,58,59,173,35,56,64,155
5695,M,69,64,67,200,99,98,85,282
5696,F,62,62,46,170,89,83,39,211
5697,M,58,51,48,157,20,60,64,144
5698,M,71,70,82,223,97,96,99,292
5699,M,64,77,82,223,100,91,92,283
5700,F,41,43,39,123,16,11,26,53
5701,M,64,73,72,209,99,91,94,284
5702,F,58,52,68,178,28,27,81,136
5703,M,48,45,48,141,21,56,29,106
5704,M,55,46,43,144,62,29,25,116
5705,M,43,53,43,139,38,21,37,96
5706,M,56,55,90,201,42,56,96,194
5707,M,60,56,53,169,14,7,38,59
5708,F,64,55,49,168,74,67,61,202
5709,F,49,70,57,176,56,81,17,154
5710,M,61,58,59,178,92,14,77,183
5711,M,60,56,62,178,75,67,71,213
5712,M,87,73,85,245,100,70,89,259
5713,F,59,56,57,172,80,74,79,233
5714,M,45,64,53,162,30,59,62,151
5715,M,58,60,46,164,90,22,19,131
5716,F,51,56,58,165,37,61,61,159
5717,M,61,62,54,177,12,70,76,158
5718,M,58,60,57,175,58,12,71,141
5719,M,71,70,52,193,58,77,79,214
5720,F,66,55,59,180,9,43,55,107
5721,F,50,47,67,164,38,3,61,102
5722,M,71,70,59,200,97,88,85,270
5723,F,57,62,49,168,42,60,61,163
5724,F,57,60,54,171,77,19,37,133
5725,M,54,53,46,153,17,26,37,80
5726,F,52,65,65,182,82,77,73,232
5727,M,61,82,54,197,90,93,46,229
5728,M,62,58,44,164,41,29,48,118
5729,M,58,56,53,167,67,55,59,181
5730,F,74,62,68,204,93,88,92,273
5731,F,74,73,90,237,98,98,94,290
5732,F,62,60,38,160,76,70,62,208
5733,M,64,60,46,170,84,69,77,230
5734,M,64,54,42,160,78,82,75,235
5735,F,64,65,64,193,86,77,79,242
5736,M,63,60,54,177,36,85,58,179
5737,M,48,47,43,138,21,15,8,44
5738,M,65,70,78,213,96,95,91,282
5739,M,61,51,65,177,80,89,75,244
5740,M,71,73,70,214,75,92,86,253
5741,M,57,60,68,185,47,6,67,120
5742,M,67,82,70,219,91,94,84,269
5743,M,43,53,53,149,53,29,44,126
5744,M,81,67,80,228,65,82,94,241
5745,F,74,77,76,227,82,98,93,273
5746,M,69,73,76,218,91,82,93,266
5747,F,64,65,59,188,91,62,60,213
5748,F,66,56,59,181,32,86,76,194
5749,M,74,77,85,236,95,96,95,286
5750,M,46,45,50,141,37,38,48,123
5751,M,50,55,55,160,59,3,38,100
5752,F,75,60,54,189,68,74,56,198
5753,F,71,70,82,223,100,96,95,291
5754,F,49,52,59,160,41,15,85,141
5755,F,62,60,64,186,85,81,66,232
5756,F,53,54,42,149,55,26,47,128
5757,M,71,77,78,226,87,91,96,274
5758,M,74,67,58,199,85,79,79,243
5759,F,58,56,52,166,27,25,60,112
5760,F,49,46,52,147,36,34,50,120
5761,M,64,65,67,196,79,11,84,174
5762,M,59,70,76,205,91,18,77,186
5763,M,64,70,48,182,57,85,77,219
5764,M,74,53,48,175,94,63,51,208
5765,F,58,49,58,165,15,23,67,105
5766,M,66,62,68,196,48,30,88,166
5767,F,57,56,60,173,82,53,65,200
5768,F,51,50,52,153,77,38,59,174
5769,F,65,52,48,165,67,1,80,148
5770,F,75,70,70,215,96,97,86,279
5771,M,64,65,48,177,35,8,10,53
5772,M,67,60,59,186,86,88,66,240
5773,F,48,47,46,141,30,44,22,96
5774,M,95,82,76,253,99,100,91,290
5775,F,69,73,100,242,99,90,97,286
5776,M,64,67,76,207,98,80,91,269
5777,M,55,64,58,177,58,62,60,180
5778,M,66,73,64,203,65,48,78,191
5779,F,66,53,74,193,52,74,93,219
5780,F,48,49,44,141,57,61,40,158
5781,M,47,43,54,144,2,18,32,52
5782,F,43,30,48,121,38,33,17,88
5783,M,35,53,42,130,17,60,15,92
5784,M,41,45,54,140,40,29,54,123
5785,F,51,44,50,145,16,59,56,131
5786,M,59,58,50,167,81,76,63,220
5787,F,35,39,52,126,7,6,19,32
5788,M,45,50,50,145,4,16,45,65
5789,F,64,65,57,186,76,38,56,170
5790,M,58,58,50,166,32,30,44,106
5791,F,64,56,57,177,90,65,51,206
5792,M,57,58,67,182,56,22,86,164
5793,M,55,56,68,179,20,75,86,181
5794,F,57,52,59,168,55,38,61,154
5795,M,53,60,52,165,48,60,46,154
5796,M,58,70,53,181,25,3,71,99
5797,M,71,73,85,229,100,98,99,297
5798,F,45,48,43,136,11,47,54,112
5799,F,72,82,82,236,74,39,88,201
5800,M,62,62,60,184,60,81,42,183
5801,F,71,77,67,215,80,81,92,253
5802,F,75,64,62,201,76,91,79,246
5803,M,53,48,52,153,40,72,55,167
5804,M,45,44,54,143,58,20,55,133
5805,F,69,67,85,221,96,89,90,275
5806,F,51,46,43,140,55,7,24,86
5807,M,55,58,48,161,68,55,69,192
5808,M,60,65,59,184,79,6,64,149
5809,M,77,82,65,224,89,99,89,277
5810,M,31,40,43,114,24,23,5,52
5811,F,71,73,55,199,92,86,63,241
5812,M,51,42,58,151,74,42,66,182
5813,F,52,58,49,159,19,40,7,66
5814,F,48,60,44,152,24,45,80,149
5815,M,81,70,78,229,93,96,95,284
5816,F,48,56,38,142,49,50,14,113
5817,F,50,45,64,159,65,41,74,180
5818,F,77,73,76,226,95,85,84,264
5819,F,66,73,65,204,92,84,84,260
5820,M,38,55,54,147,52,40,45,137
5821,F,45,52,48,145,60,66,59,185
5822,M,52,58,55,165,30,7,64,101
5823,M,43,47,53,143,22,5,44,71
5824,M,62,65,68,195,67,88,76,231
5825,F,64,70,58,192,68,69,76,213
5826,M,60,56,95,211,86,89,96,271
5827,M,60,62,60,182,83,79,76,238
5828,F,57,53,55,165,23,52,51,126
5829,M,45,62,62,169,72,30,77,179
5830,F,65,54,57,176,55,3,66,124
5831,M,54,55,48,157,5,47,42,94
5832,F,68,65,58,191,92,89,87,268
5833,F,52,60,58,170,56,17,75,148
5834,M,67,58,59,184,30,20,63,113
5835,M,77,73,80,230,92,95,100,287
5836,M,58,56,60,174,75,87,89,251
5837,M,75,90,80,245,98,92,95,285
5838,F,60,64,54,178,83,30,67,180
5839,F,63,52,58,173,93,52,54,199
5840,M,65,62,76,203,95,87,91,273
5841,F,52,55,55,162,30,65,72,167
5842,M,64,70,59,193,70,21,35,126
5843,M,54,55,53,162,28,26,64,118
5844,M,64,53,55,172,74,31,41,146
5845,M,65,64,62,191,94,82,50,226
5846,F,61,62,60,183,89,79,70,238
5847,F,61,56,64,181,63,62,71,196
5848,M,53,52,48,153,3,43,43,89
5849,F,61,60,49,170,70,24,48,142
5850,M,52,58,48,158,67,62,6,135
5851,M,74,82,85,241,84,91,92,267
5852,M,54,62,55,171,97,17,65,179
5853,F,68,70,64,202,78,36,82,196
5854,F,56,45,57,158,49,5,43,97
5855,M,66,70,55,191,42,68,51,161
5856,F,61,55,70,186,71,27,68,166
5857,F,53,49,50,152,34,39,61,134
5858,M,59,54,52,165,68,78,21,167
5859,M,64,77,65,206,72,80,80,232
5860,F,69,65,78,212,77,87,91,255
5861,F,56,52,60,168,81,70,66,217
5862,F,66,62,74,202,94,86,88,268
5863,M,63,64,64,191,64,83,77,224
5864,M,51,58,55,164,50,60,79,189
5865,M,38,45,42,125,24,58,30,112
5866,F,66,54,44,164,25,29,34,88
5867,M,40,48,44,132,30,66,42,138
5868,M,77,77,74,228,95,100,91,286
5869,M,71,67,85,223,93,100,94,287
5870,M,67,77,78,222,71,98,99,268
5871,M,74,62,82,218,95,86,99,280
5872,M,81,100,100,281,93,100,100,293
5873,M,49,58,57,164,56,57,82,195
5874,M,48,49,54,151,21,34,35,90
5875,M,66,58,55,179,59,88,73,220
5876,M,64,62,70,196,62,36,74,172
5877,F,74,91,85,250,98,93,3,194
5878,M,64,70,80,214,87,89,92,268
5879,F,77,70,74,221,77,86,84,247
5880,M,53,62,68,183,28,55,85,168
5881,M,59,62,64,185,83,97,89,269
5882,M,67,82,90,239,95,95,97,287
5883,M,57,60,43,160,32,29,48,109
5884,M,62,62,82,206,88,100,84,272
5885,F,65,64,90,219,99,90,96,285
5886,M,72,70,72,214,89,92,91,272
5887,M,66,60,53,179,77,94,71,242
5888,F,81,62,67,210,47,73,90,210
5889,M,64,64,52,180,84,87,60,231
5890,F,66,62,72,200,67,92,83,242
5891,M,62,55,64,181,80,61,87,228
5892,M,63,58,65,186,65,80,85,230
5893,M,67,67,74,208,78,27,90,195
5894,F,66,70,67,203,92,94,81,267
5895,M,72,82,82,236,98,53,86,237
5896,M,62,91,67,220,96,89,92,277
5897,M,69,60,78,207,84,80,92,256
5898,M,81,77,68,226,91,37,91,219
5899,M,59,62,60,181,29,43,71,143
5900,M,77,77,70,224,20,82,87,189
5901,M,71,77,80,228,84,89,88,261
5902,M,69,73,80,222,99,57,91,247
5903,M,56,54,70,180,37,24,90,151
5904,M,62,66,70,198,87,88,91,266
5905,M,72,67,76,215,88,71,91,250
5906,F,64,70,70,204,92,82,81,255
5907,F,86,73,76,235,95,91,81,267
5908,M,67,58,88,213,96,91,97,284
5909,F,66,65,54,185,61,63,79,203
5910,M,68,82,78,228,99,74,92,265
5911,M,62,60,64,186,81,90,87,258
5912,F,60,56,60,176,60,65,72,197
5913,M,69,64,76,209,67,81,93,241
5914,M,77,82,90,249,88,89,95,272
5915,F,47,56,53,156,38,36,65,139
5916,F,52,62,65,179,66,52,74,192
5917,M,74,65,85,224,19,67,97,183
5918,M,56,58,72,186,63,64,77,204
5919,M,69,73,95,237,95,90,98,283
5920,M,66,56,59,181,71,15,81,167
5921,M,51,48,52,151,39,25,80,144
5922,F,57,54,46,157,38,78,45,161
5923,M,52,58,52,162,23,12,4,39
5924,M,60,60,67,187,66,7,66,139
5925,M,66,56,53,175,45,50,77,172
5926,M,74,82,95,251,94,95,98,287
5927,M,74,58,80,212,92,95,96,283
5928,M,60,53,67,180,82,69,86,237
5929,F,63,60,64,187,88,67,77,232
5930,F,46,55,52,153,71,86,39,196
5931,F,52,60,49,161,61,47,51,159
5932,M,45,46,57,148,51,20,83,154
5933,M,61,58,60,179,54,6,82,142
5934,M,69,77,67,213,91,95,87,273
5935,F,69,70,64,203,76,69,60,205
5936,M,53,48,43,144,29,45,27,101
5937,M,75,64,72,211,74,73,88,235
5938,M,60,62,85,207,92,88,85,265
5939,M,59,70,59,188,45,58,85,188
5940,M,58,67,54,179,18,39,44,101
5941,M,56,51,55,162,75,45,64,184
5942,M,69,73,82,224,94,93,97,284
5943,M,62,77,82,221,39,45,92,176
5944,M,61,62,54,177,67,11,72,150
5945,M,31,44,55,130,7,32,58,97
5946,M,56,52,48,156,25,6,36,67
5947,M,52,53,42,147,20,44,25,89
5948,M,50,51,40,141,15,40,50,105
5949,F,58,58,57,173,41,55,65,161
5950,F,56,58,44,158,89,70,44,203
5951,M,66,77,60,203,88,93,81,262
5952,M,56,57,70,183,37,59,69,165
5953,M,48,51,48,147,68,71,42,181
5954,M,78,73,90,241,98,97,95,290
5955,M,63,82,80,225,96,78,96,270
5956,F,95,70,70,235,100,93,86,279
5957,M,71,73,54,198,100,91,76,267
5958,F,62,50,67,179,84,95,75,254
5959,M,60,58,42,160,37,37,30,104
5960,F,53,52,55,160,39,28,72,139
5961,M,48,33,38,119,9,39,4,52
5962,F,62,58,90,210,69,17,94,180
5963,F,56,56,59,171,91,51,66,208
5964,M,54,45,43,142,50,35,34,119
5965,F,72,64,90,226,92,90,96,278
5966,F,62,62,46,170,21,38,37,96
5967,F,55,64,85,204,57,69,97,223
5968,M,61,73,95,229,56,85,97,238
5969,M,74,82,57,213,74,84,79,237
5970,F,58,62,68,188,76,85,79,240
5971,M,64,70,59,193,77,56,70,203
5972,M,58,54,50,162,33,49,77,159
5973,M,60,64,76,200,97,26,76,199
5974,M,69,73,57,199,92,90,77,259
5975,F,50,58,46,154,63,20,75,158
5976,M,56,55,59,170,42,65,75,182
5977,M,86,77,85,248,94,86,92,272
5978,F,45,48,48,141,28,47,62,137
5979,M,71,91,60,222,82,73,79,234
5980,M,77,60,82,219,93,91,87,271
5981,M,45,46,57,148,34,13,40,87
5982,M,53,56,48,157,31,6,60,97
5983,F,48,51,49,148,48,36,52,136
5984,M,52,51,68,171,32,29,80,141
5985,M,45,58,52,155,2,58,66,126
5986,M,62,70,58,190,78,83,74,235
5987,F,58,53,74,185,71,3,87,161
5988,F,59,55,52,166,53,73,55,181
5989,M,73,68,82,223,54,96,91,241
5990,M,87,73,80,240,87,82,92,261
5991,M,59,73,59,191,69,72,66,207
5992,F,69,67,72,208,94,76,91,261
5993,F,65,60,72,197,66,12,94,172
5994,M,64,70,43,177,89,100,65,254
5995,F,77,70,78,225,98,79,92,269
5996,F,64,65,57,186,92,90,75,257
5997,M,69,62,60,191,94,100,80,274
5998,F,42,46,50,138,10,6,17,33
5999,M,60,58,53,171,87,89,66,242
6000,M,87,65,64,216,95,94,90,279
6001,M,66,62,65,193,99,92,93,284
6002,M,66,73,68,207,88,97,71,256
6003,M,48,45,38,131,17,24,22,63
6004,M,75,60,74,209,87,58,88,233
6005,M,63,77,53,193,62,89,59,210
6006,M,64,77,74,215,95,90,86,271
6007,F,49,50,64,163,56,55,73,184
6008,M,45,50,54,149,26,50,70,146
6009,F,56,62,72,190,60,74,79,213
6010,M,51,58,44,153,55,67,10,132
6011,F,60,52,58,170,44,87,75,206
6012,M,60,65,53,178,20,51,70,141
6013,F,65,64,64,193,58,86,85,229
6014,M,43,55,46,144,52,21,27,100
6015,F,59,56,74,189,70,84,96,250
6016,M,57,77,85,219,48,98,99,245
6017,M,59,49,50,158,18,24,49,91
6018,M,65,60,70,195,17,47,69,133
6019,M,75,70,68,213,100,97,86,283
6020,M,60,70,54,184,68,60,73,201
6021,M,71,82,70,223,99,95,92,286
6022,M,47,54,57,158,65,32,45,142
6023,M,45,44,65,154,33,31,95,159
6024,M,43,47,54,144,10,34,75,119
6025,M,50,56,44,150,39,74,55,168
6026,M,52,49,49,150,41,57,57,155
6027,M,71,77,60,208,21,54,63,138
6028,F,51,58,52,161,44,68,55,167
6029,M,69,70,60,199,93,97,90,280
6030,F,59,67,60,186,85,8,90,183
6031,F,51,58,46,155,10,52,36,98
6032,M,69,77,67,213,53,47,2,102
6033,M,64,56,78,198,80,80,91,251
6034,M,58,58,78,194,50,66,87,203
6035,F,59,54,43,156,75,67,56,198
6036,F,65,60,80,205,38,7,86,131
6037,M,56,60,70,186,64,22,83,169
6038,F,68,62,64,194,61,75,68,204
6039,M,54,58,54,166,92,84,78,254
6040,M,61,73,100,234,94,98,100,292
6041,M,53,50,48,151,7,62,71,140
6042,F,49,50,57,156,51,16,47,114
6043,M,67,70,78,215,75,79,94,248
6044,M,61,64,50,175,49,16,88,153
6045,M,57,64,60,181,67,79,70,216
6046,M,69,62,70,201,76,78,90,244
6047,M,61,52,40,153,72,33,74,179
6048,F,62,55,85,202,68,56,96,220
6049,F,49,48,53,150,51,18,16,85
6050,M,65,67,67,199,87,86,68,241
6051,F,62,52,59,173,23,77,73,173
6052,F,61,56,48,165,33,7,45,85
6053,F,61,58,48,167,78,68,67,213
6054,M,47,50,44,141,62,31,58,151
6055,F,66,70,74,210,89,96,91,276
6056,M,74,70,55,199,98,68,68,234
6057,F,42,44,50,136,12,24,20,56
6058,F,81,70,90,241,94,90,98,282
6059,F,71,65,70,206,79,95,88,262
6060,F,57,58,46,161,29,49,35,113
6061,M,50,43,70,163,62,63,97,222
6062,M,66,70,55,191,48,64,71,183
6063,F,62,60,80,202,18,61,83,162
6064,M,49,52,49,150,46,42,41,129
6065,M,58,65,64,187,61,67,87,215
6066,F,57,52,52,161,57,39,44,140
6067,F,69,77,82,228,87,88,97,272
6068,F,49,40,57,146,4,13,43,60
6069,F,74,67,42,183,96,59,41,196
6070,F,87,77,95,259,83,77,92,252
6071,F,59,73,72,204,87,69,48,204
6072,F,51,56,53,160,40,81,25,146
6073,F,53,54,46,153,60,60,65,185
6074,F,69,60,58,187,91,19,47,157
6075,M,60,56,42,158,85,72,57,214
6076,M,62,65,59,186,94,98,81,273
6077,F,55,52,58,165,88,69,60,217
6078,M,63,58,48,169,79,59,40,178
6079,M,56,60,72,188,81,40,84,205
6080,F,62,70,62,194,81,75,82,238
6081,M,74,77,78,229,94,95,93,282
6082,F,62,55,52,169,41,72,55,168
6083,F,64,67,50,181,83,66,66,215
6084,M,53,62,53,168,49,18,34,101
6085,M,64,62,78,204,87,85,96,268
6086,F,58,51,48,157,64,64,34,162
6087,M,62,67,64,193,93,68,87,248
6088,F,62,70,70,202,93,88,96,277
6089,M,78,90,85,253,99,95,92,286
6090,M,81,77,95,253,81,83,100,264
6091,M,67,70,72,209,79,2,93,174
6092,M,56,48,54,158,89,35,35,159
6093,M,50,47,52,149,3,12,15,30
6094,F,48,47,59,154,36,16,55,107
6095,F,58,47,62,167,15,23,74,112
6096,M,56,49,44,149,43,35,20,98
6097,M,54,68,57,179,75,68,56,199
6098,M,55,52,46,153,22,26,73,121
6099,M,62,58,50,170,69,48,51,168
6100,M,77,70,85,232,87,74,96,257
6101,M,57,52,48,157,63,53,82,198
6102,F,58,60,58,176,61,59,58,178
6103,F,55,58,62,175,51,9,37,97
6104,M,71,77,58,206,76,92,80,248
6105,M,35,43,65,143,58,48,69,175
6106,M,67,73,64,204,74,96,81,251
6107,M,66,58,49,173,26,31,62,119
6108,M,60,77,74,211,85,83,85,253
6109,M,64,65,59,188,93,79,77,249
6110,M,77,70,59,206,93,92,69,254
6111,M,49,46,57,152,45,9,49,103
6112,F,43,51,42,136,47,57,49,153
6113,F,56,73,64,193,48,46,77,171
6114,M,59,67,55,181,51,59,70,180
6115,F,65,73,80,218,95,92,90,277
6116,F,57,58,59,174,75,65,52,192
6117,M,71,77,82,230,89,98,94,281
6118,M,61,50,54,165,57,15,29,101
6119,M,52,56,42,150,22,44,33,99
6120,M,42,50,52,144,33,32,26,91
6121,F,61,62,65,188,64,77,82,223
6122,F,60,62,48,170,67,84,77,228
6123,M,46,51,52,149,46,62,62,170
6124,M,56,56,54,166,91,63,65,219
6125,M,71,91,90,252,92,90,96,278
6126,F,71,70,70,211,98,80,85,263
6127,M,68,82,72,222,88,94,90,272
6128,M,74,82,76,232,90,85,96,271
6129,M,59,62,62,183,70,63,43,176
6130,M,68,65,52,185,100,95,81,276
6131,M,64,62,70,196,76,76,81,233
6132,M,66,54,55,175,75,77,82,234
6133,F,77,73,90,240,84,10,85,179
6134,M,48,51,54,153,46,63,63,172
6135,M,69,56,74,199,76,93,90,259
6136,M,51,50,46,147,1,19,32,52
6137,F,68,60,80,208,87,77,94,258
6138,F,68,77,85,230,95,87,92,274
6139,F,71,60,80,211,97,33,81,211
6140,F,60,58,62,180,69,62,78,209
6141,F,63,60,88,211,91,97,99,287
6142,F,52,60,52,164,3,58,29,90
6143,M,55,52,50,157,14,71,67,152
6144,F,57,66,65,188,94,46,77,217
6145,M,71,91,95,257,100,100,99,299
6146,M,64,77,74,215,82,96,92,270
6147,M,71,82,42,195,87,81,45,213
6148,M,75,70,78,223,99,97,87,283
6149,F,67,70,70,207,93,89,86,268
6150,M,64,67,46,177,44,68,29,141
6151,M,77,82,76,235,97,98,76,271
6152,M,69,67,100,236,88,86,92,266
6153,M,87,77,68,232,100,43,66,209
6154,M,64,62,59,185,93,86,93,272
6155,M,49,60,48,157,50,43,43,136
6156,F,66,73,67,206,80,76,86,242
6157,M,61,73,78,212,94,78,92,264
6158,F,60,52,48,160,30,53,66,149
6159,M,69,77,52,198,50,40,42,132
6160,M,71,65,78,214,90,86,93,269
6161,M,52,58,53,163,37,56,60,153
6162,M,59,60,72,191,89,92,90,271
6163,M,68,77,82,227,100,95,100,295
6164,M,69,62,49,180,52,40,82,174
6165,M,68,67,72,207,88,82,81,251
6166,M,64,67,76,207,72,3,88,163
6167,M,67,56,58,181,87,73,86,246
6168,M,67,54,53,174,67,77,86,230
6169,M,69,70,49,188,92,56,54,202
6170,M,63,64,76,203,87,88,95,270
6171,M,60,67,64,191,59,92,57,208
6172,M,56,65,54,175,30,43,65,138
6173,F,68,65,67,200,89,80,88,257
6174,M,62,64,70,196,86,12,81,179
6175,M,74,82,85,241,100,99,97,296
6176,M,77,77,76,230,65,85,93,243
6177,M,56,60,48,164,28,76,34,138
6178,M,74,77,78,229,77,18,89,184
6179,M,74,82,95,251,98,97,96,291
6180,F,61,50,44,155,50,55,46,151
6181,M,64,70,44,178,76,89,14,179
6182,F,61,70,64,195,71,85,66,222
6183,M,77,65,65,207,93,87,86,266
6184,M,56,67,55,178,14,8,73,95
6185,F,66,60,50,176,72,55,63,190
6186,F,64,56,49,169,9,48,60,117
6187,M,57,56,52,165,63,85,64,212
6188,M,78,77,67,222,96,91,85,272
6189,F,66,65,64,195,69,89,90,248
6190,F,61,62,50,173,61,23,48,132
6191,M,64,58,70,192,100,45,78,223
6192,M,74,82,62,218,98,95,81,274
6193,M,57,62,57,176,75,82,86,243
6194,M,77,65,68,210,95,35,83,213
6195,M,56,62,80,198,29,65,90,184
6196,M,50,53,38,141,58,15,24,97
6197,M,57,62,52,171,70,72,55,197
6198,F,53,64,46,163,52,64,37,153
6199,F,64,53,50,167,58,45,50,153
6200,M,56,60,58,174,46,58,56,160
6201,M,55,62,53,170,74,60,77,211
6202,F,69,73,74,216,30,93,81,204
6203,F,62,60,50,172,52,28,66,146
6204,M,59,62,59,180,60,71,91,222
6205,M,56,62,36,154,56,54,9,119
6206,M,53,58,60,171,38,78,83,199
6207,M,66,77,85,228,95,88,88,271
6208,F,66,70,78,214,88,60,96,244
6209,M,45,46,46,137,35,3,40,78
6210,M,59,48,53,160,49,56,41,146
6211,M,72,54,76,202,95,95,90,280
6212,M,60,60,52,172,27,32,73,132
6213,F,69,58,54,181,58,78,69,205
6214,M,63,73,70,206,90,88,88,266
6215,M,81,73,100,254,99,86,99,284
6216,M,74,100,82,256,95,100,95,290
6217,F,71,82,74,227,89,99,81,269
6218,F,61,60,90,211,94,52,88,234
6219,F,81,62,49,192,47,77,79,203
6220,M,64,58,55,177,70,76,95,241
6221,F,55,56,48,159,58,3,44,105
6222,M,57,62,48,167,51,26,42,119
6223,M,66,60,52,178,51,16,54,121
6224,M,77,73,78,228,81,85,96,262
6225,F,64,58,76,198,85,36,95,216
6226,F,71,73,82,226,90,82,86,258
6227,M,46,51,53,150,16,23,74,113
6228,M,56,67,55,178,78,66,65,209
6229,F,64,52,70,186,76,32,73,181
6230,F,63,60,58,181,7,31,59,97
6231,M,69,62,44,175,93,85,76,254
6232,F,87,77,85,249,88,96,96,280
6233,F,81,67,82,230,100,97,100,297
6234,F,37,44,46,127,50,16,38,104
6235,F,64,70,80,214,69,81,85,235
6236,M,81,91,100,272,95,100,100,295
6237,M,66,70,85,221,75,87,92,254
6238,M,56,70,62,188,93,84,75,252
6239,F,57,58,57,172,97,27,67,191
6240,F,68,70,55,193,77,82,81,240
6241,M,71,60,76,207,91,88,81,260
6242,F,57,55,48,160,34,20,73,127
6243,M,67,67,48,182,93,74,27,194
6244,M,72,62,52,186,75,94,70,239
6245,M,74,73,65,212,64,52,79,195
6246,M,66,70,59,195,88,84,72,244
6247,F,57,58,68,183,29,16,92,137
6248,M,56,60,59,175,60,92,77,229
6249,M,62,60,54,176,45,52,25,122
6250,M,61,62,68,191,91,17,92,200
6251,M,57,58,60,175,80,58,81,219
6252,F,50,51,49,150,60,10,59,129
6253,F,75,58,78,211,88,70,90,248
6254,M,72,62,70,204,93,34,87,214
6255,F,55,52,44,151,62,9,21,92
6256,F,62,77,64,203,86,93,86,265
6257,M,71,53,70,194,93,71,97,261
6258,F,59,58,53,170,45,43,63,151
6259,M,60,65,82,207,55,89,90,234
6260,M,69,70,65,204,88,100,92,280
6261,F,60,65,53,178,77,66,79,222
6262,M,62,60,54,176,76,87,81,244
6263,M,53,42,48,143,35,67,65,167
6264,M,50,60,44,154,35,48,23,106
6265,M,67,73,68,208,96,95,98,289
6266,M,62,65,74,201,94,92,93,279
6267,F,49,56,52,157,62,62,16,140
6268,M,66,65,59,190,83,74,73,230
6269,M,100,67,90,257,100,96,99,295
6270,M,67,64,80,211,95,99,90,284
6271,M,77,64,76,217,95,85,95,275
6272,M,58,64,70,192,77,77,76,230
6273,M,54,58,55,167,8,57,81,146
6274,F,77,67,64,208,99,91,88,278
6275,F,53,56,48,157,1,2,7,10
6276,M,53,54,58,165,35,37,81,153
6277,M,60,73,78,211,49,88,90,227
6278,M,58,53,64,175,83,81,74,238
6279,F,64,70,52,186,61,72,57,190
6280,M,64,62,57,183,83,60,65,208
6281,F,56,45,46,147,50,40,33,123
6282,M,61,46,48,155,26,41,43,110
6283,M,71,56,70,197,75,42,90,207
6284,M,69,65,82,216,53,78,90,221
6285,F,58,56,50,164,42,71,69,182
6286,M,77,91,70,238,92,19,18,129
6287,M,68,91,85,244,100,98,99,297
6288,F,48,41,57,146,10,29,75,114
6289,F,58,58,59,175,77,67,72,216
6290,M,61,62,74,197,57,28,82,167
6291,M,52,56,72,180,73,62,94,229
6292,M,66,73,90,229,90,32,96,218
6293,F,62,67,95,224,96,97,98,291
6294,M,47,58,46,151,77,3,11,91
6295,M,62,62,65,189,72,81,82,235
6296,M,69,64,78,211,86,64,91,241
6297,F,71,58,60,189,75,23,50,148
6298,F,64,50,58,172,70,32,46,148
6299,M,59,56,74,189,61,66,90,217
6300,M,57,48,54,159,72,65,8,145
6301,F,69,62,65,196,88,76,80,244
6302,F,40,31,43,114,43,5,24,72
6303,M,71,58,55,184,95,6,73,174
6304,M,61,62,58,181,36,65,44,145
6305,M,75,64,85,224,100,99,100,299
6306,F,75,77,64,216,86,77,78,241
6307,M,71,62,53,186,90,69,52,211
6308,M,52,67,48,167,80,71,45,196
6309,M,58,51,46,155,75,41,40,156
6310,F,61,60,54,175,84,91,76,251
6311,F,52,53,44,149,28,29,15,72
6312,M,59,67,55,181,91,82,70,243
6313,F,50,58,49,157,19,33,32,84
6314,F,56,53,50,159,52,18,45,115
6315,F,56,50,53,159,30,46,5,81
6316,F,58,48,49,155,36,19,57,112
6317,M,45,51,49,145,56,59,66,181
6318,M,43,55,52,150,16,12,47,75
6319,M,53,52,49,154,55,20,81,156
6320,F,40,40,49,129,2,34,31,67
6321,F,60,67,57,184,36,61,21,118
6322,F,64,82,57,203,91,89,90,270
6323,M,67,77,65,209,75,87,78,240
6324,F,60,56,57,173,59,32,51,142
6325,F,66,65,76,207,71,39,63,173
6326,F,50,55,55,160,49,29,75,153
6327,F,62,70,65,197,69,75,46,190
6328,F,55,56,58,169,63,94,87,244
6329,M,62,70,67,199,31,11,85,127
6330,F,56,51,53,160,22,57,72,151
6331,M,71,77,70,218,95,88,91,274
6332,M,58,67,42,167,52,61,63,176
6333,M,67,62,62,191,96,60,64,220
6334,M,75,62,65,202,100,98,93,291
6335,F,64,100,67,231,90,73,75,238
6336,M,67,62,53,182,76,50,71,197
6337,F,48,49,40,137,28,13,19,60
6338,M,52,55,36,143,57,69,25,151
6339,F,50,53,49,152,52,61,56,169
6340,F,35,41,44,120,19,36,34,89
6341,M,43,49,46,138,27,29,50,106
6342,F,45,42,58,145,21,60,63,144
6343,M,48,47,46,141,19,14,40,73
6344,F,64,50,48,162,44,50,78,172
6345,F,37,54,43,134,32,16,37,85
6346,M,45,52,58,155,28,21,45,94
6347,M,59,58,67,184,78,83,81,242
6348,M,53,58,55,166,85,25,57,167
6349,M,57,58,48,163,8,49,58,115
6350,M,68,60,62,190,13,64,60,137
6351,M,58,62,50,170,53,71,60,184
6352,F,72,62,74,208,78,89,86,253
6353,M,66,56,60,182,92,91,66,249
6354,F,55,60,68,183,24,28,77,129
6355,M,59,67,78,204,89,87,82,258
6356,F,45,44,43,132,28,37,60,125
6357,M,56,60,59,175,86,50,62,198
6358,M,56,60,67,183,14,23,79,116
6359,M,59,70,64,193,80,89,61,230
6360,F,56,52,59,167,93,50,55,198
6361,M,58,60,52,170,70,70,75,215
6362,M,64,60,62,186,75,73,79,227
6363,F,77,70,85,232,87,93,87,267
6364,M,59,62,57,178,87,97,67,251
6365,M,64,49,50,163,2,9,44,55
6366,M,38,36,32,106,4,5,13,22
6367,M,58,73,57,188,99,98,88,285
6368,M,59,60,62,181,42,50,49,141
6369,M,53,50,67,170,44,47,70,161
6370,M,59,70,48,177,89,63,29,181
6371,M,58,43,38,139,94,73,52,219
6372,F,55,62,52,169,28,48,63,139
6373,M,60,55,59,174,97,45,91,233
6374,M,57,58,80,195,65,71,94,230
6375,M,64,67,60,191,73,81,54,208
6376,M,71,73,57,201,99,89,71,259
6377,M,74,70,85,229,100,100,88,288
6378,F,77,73,46,196,97,87,56,240
6379,M,43,45,59,147,27,41,71,139
6380,M,64,58,78,200,72,24,87,183
6381,F,61,56,48,165,99,84,75,258
6382,M,57,58,60,175,76,43,64,183
6383,M,52,56,95,203,3,39,61,103
6384,M,58,67,72,197,83,87,90,260
6385,M,58,62,90,210,91,76,99,266
6386,M,59,54,67,180,78,9,74,161
6387,M,63,54,57,174,61,84,86,231
6388,F,69,70,68,207,95,69,88,252
6389,M,47,52,42,141,25,56,37,118
6390,M,64,67,52,183,78,7,34,119
6391,F,66,56,50,172,37,81,78,196
6392,F,60,55,53,168,59,54,70,183
6393,F,49,42,52,143,12,44,50,106
6394,M,75,64,100,239,100,98,100,298
6395,M,54,60,46,160,22,56,43,121
6396,M,53,54,52,159,65,47,83,195
6397,F,52,58,60,170,44,59,67,170
6398,F,45,39,40,124,16,5,46,67
6399,F,58,62,62,182,39,68,75,182
6400,F,52,50,53,155,8,58,61,127
6401,F,55,48,48,151,26,53,28,107
6402,M,56,73,74,203,27,35,61,123
6403,M,66,62,50,178,33,34,85,152
6404,M,60,64,78,202,86,87,88,261
6405,F,40,56,48,144,27,17,40,84
6406,F,74,67,100,241,55,82,98,235
6407,M,67,70,74,211,88,73,83,244
6408,M,61,60,46,167,75,86,30,191
6409,F,62,58,43,163,54,54,58,166
6410,M,66,67,49,182,88,95,87,270
6411,F,41,45,43,129,24,41,9,74
6412,F,54,60,62,176,88,43,40,171
6413,F,58,52,60,170,85,83,67,235
6414,M,62,70,50,182,92,81,63,236
6415,F,74,60,53,187,70,84,71,225
6416,F,66,65,57,188,21,82,81,184
6417,M,64,62,62,188,78,67,59,204
6418,M,52,49,57,158,25,34,48,107
6419,F,65,60,48,173,88,65,25,178
6420,F,65,62,64,191,84,48,80,212
6421,F,67,66,78,211,78,85,97,260
6422,M,56,54,50,160,60,47,20,127
6423,M,69,58,65,192,11,34,35,80
6424,M,54,56,62,172,78,95,63,236
6425,F,56,64,55,175,68,69,56,193
6426,M,71,67,74,212,69,3,91,163
6427,M,55,54,57,166,56,26,66,148
6428,M,71,58,59,188,89,77,96,262
6429,M,74,70,90,234,38,85,98,221
6430,M,53,52,46,151,49,49,52,150
6431,M,75,70,74,219,71,88,91,250
6432,M,53,54,62,169,28,46,76,150
6433,M,64,47,64,175,60,49,65,174
6434,M,59,77,80,216,49,92,88,229
6435,F,72,77,82,231,93,89,94,276
6436,F,71,70,80,221,98,78,93,269
6437,M,43,39,54,136,52,6,72,130
6438,M,51,56,82,189,51,31,74,156
6439,M,59,52,67,178,98,69,91,258
6440,M,74,73,53,200,97,58,83,238
6441,F,74,65,68,207,84,51,69,204
6442,M,52,56,39,147,33,13,19,65
6443,M,66,77,65,208,90,88,85,263
6444,F,52,47,49,148,16,1,43,60
6445,M,47,40,49,136,13,22,36,71
6446,M,56,51,49,156,71,53,62,186
6447,F,59,56,60,175,78,7,76,161
6448,M,53,62,62,177,92,63,78,233
6449,F,49,54,49,152,70,22,63,155
6450,M,74,73,59,206,100,95,88,283
6451,M,48,55,48,151,63,81,16,160
6452,F,71,56,60,187,74,7,76,157
6453,M,71,67,85,223,97,96,98,291
6454,M,54,60,54,168,63,92,76,231
6455,M,74,67,85,226,93,82,93,268
6456,M,64,58,44,166,80,58,66,204
6457,M,62,58,74,194,41,79,85,205
6458,M,66,60,57,183,66,88,65,219
6459,M,54,55,53,162,40,20,29,89
6460,F,67,67,57,191,74,83,76,233
6461,M,87,77,80,244,100,100,97,297
6462,F,66,67,60,193,96,82,78,256
6463,F,56,58,58,172,49,71,67,187
6464,M,58,62,59,179,32,28,35,95
6465,F,64,70,68,202,65,67,48,180
6466,F,63,52,78,193,68,67,89,224
6467,M,59,60,40,159,79,70,70,219
6468,F,53,47,48,148,14,25,36,75
6469,M,52,58,46,156,26,89,91,206
6470,F,62,62,64,188,95,69,85,249
6471,M,64,73,80,217,80,75,91,246
6472,M,71,70,80,221,17,98,93,208
6473,M,74,65,90,229,80,94,95,269
6474,M,69,58,65,192,37,13,83,133
6475,M,60,58,52,170,62,40,39,141
6476,F,69,73,82,224,89,84,89,262
6477,M,69,77,74,220,1,89,88,178
6478,F,49,56,55,160,62,68,71,201
6479,M,64,73,64,201,5,52,70,127
6480,F,71,77,85,233,94,24,92,210
6481,F,69,73,85,227,92,69,96,257
6482,M,64,70,55,189,76,77,96,249
6483,F,74,70,70,214,79,41,35,155
6484,F,50,67,60,177,46,59,65,170
6485,F,62,53,70,185,74,64,80,218
6486,F,60,62,64,186,39,30,77,146
6487,F,54,49,70,173,1,69,80,150
6488,F,74,73,90,237,45,94,97,236
6489,F,81,73,90,244,98,95,98,291
6490,M,64,77,70,211,81,15,88,184
6491,F,56,51,53,160,42,44,60,146
6492,F,64,62,65,191,89,61,74,224
6493,M,55,67,57,179,53,83,34,170
6494,F,51,54,55,160,64,15,66,145
6495,F,69,65,58,192,63,94,31,188
6496,M,69,58,43,170,54,79,50,183
6497,F,61,56,62,179,55,58,91,204
6498,F,58,52,60,170,74,43,78,195
6499,F,60,56,53,169,45,29,2,76
6500,F,68,60,67,195,93,85,89,267
6501,M,78,67,65,210,98,91,88,277
6502,M,64,56,62,182,43,78,77,198
6503,M,72,67,78,217,66,48,90,204
6504,M,59,60,74,193,85,84,74,243
6505,F,71,77,68,216,78,67,82,227
6506,F,61,54,46,161,29,29,55,113
6507,F,56,55,55,166,50,34,67,151
6508,M,57,52,49,158,16,38,60,114
6509,M,60,62,44,166,73,21,64,158
6510,M,71,58,67,196,67,82,88,237
6511,F,61,58,53,172,13,2,46,61
6512,F,55,52,58,165,34,47,59,140
6513,M,58,65,82,205,99,82,95,276
6514,M,62,62,76,200,70,82,94,246
6515,F,38,47,55,140,10,22,58,90
6516,M,66,67,78,211,100,96,86,282
6517,F,59,50,58,167,48,79,62,189
6518,M,53,56,54,163,57,58,27,142
6519,M,65,90,90,245,67,91,94,252
6520,F,64,62,64,190,40,58,83,181
6521,M,72,60,59,191,96,91,79,266
6522,M,74,77,82,233,77,83,94,254
6523,M,62,60,74,196,57,31,85,173
6524,M,58,53,72,183,63,23,82,168
6525,M,74,64,62,200,63,91,78,232
6526,M,56,51,44,151,32,18,23,73
6527,M,77,77,78,232,93,98,99,290
6528,F,49,46,42,137,23,15,31,69
6529,F,64,60,64,188,40,63,75,178
6530,M,61,60,55,176,48,72,74,194
6531,M,53,42,43,138,22,16,37,75
6532,M,64,58,78,200,96,84,94,274
6533,M,66,60,49,175,66,86,79,231
6534,F,49,58,54,161,82,33,71,186
6535,M,48,49,59,156,50,20,70,140
6536,F,62,55,60,177,53,50,92,195
6537,M,71,91,85,247,86,85,98,269
6538,M,81,91,67,239,97,86,90,273
6539,M,55,48,52,155,43,55,50,148
6540,M,67,62,67,196,83,88,92,263
6541,F,63,62,78,203,54,61,89,204
6542,M,62,64,64,190,83,60,82,225
6543,M,54,53,57,164,59,68,80,207
6544,F,69,67,82,218,83,29,86,198
6545,F,65,64,65,194,96,70,77,243
6546,M,63,52,74,189,82,44,89,215
6547,F,72,67,55,194,97,39,83,219
6548,M,60,44,58,162,56,72,85,213
6549,F,77,67,82,226,26,100,98,224
6550,M,50,39,48,137,49,36,40,125
6551,F,56,53,60,169,39,50,69,158
6552,M,69,70,54,193,86,86,68,240
6553,F,71,73,50,194,99,92,64,255
6554,M,51,56,43,150,81,62,22,165
6555,M,64,56,44,164,88,75,49,212
6556,M,52,53,59,164,55,60,59,174
6557,F,71,65,90,226,86,87,97,270
6558,F,66,67,74,207,70,79,88,237
6559,M,69,64,55,188,54,65,61,180
6560,F,54,56,48,158,33,84,32,149
6561,M,47,52,44,143,7,9,30,46
6562,M,49,50,49,148,47,24,57,128
6563,M,52,65,39,156,16,42,53,111
6564,M,75,82,90,247,92,96,94,282
6565,M,66,65,70,201,90,75,84,249
6566,M,66,62,72,200,65,58,76,199
6567,F,47,52,54,153,44,18,63,125
6568,M,58,58,53,169,37,16,74,127
6569,M,81,70,85,236,76,100,96,272
6570,M,71,77,95,243,99,92,97,288
6571,F,43,51,46,140,45,24,51,120
6572,M,50,56,42,148,40,46,8,94
6573,F,53,50,52,155,8,6,38,52
6574,F,55,58,49,162,64,4,68,136
6575,F,65,60,42,167,57,45,55,157
6576,M,69,70,80,219,95,38,90,223
6577,F,53,50,52,155,46,61,57,164
6578,F,53,56,74,183,74,78,87,239
6579,F,56,55,59,170,61,72,82,215
6580,F,54,49,58,161,63,24,79,166
6581,M,71,70,74,215,77,55,79,211
6582,M,56,58,68,182,66,65,93,224
6583,F,54,55,48,157,33,27,53,113
6584,M,81,60,53,194,77,60,83,220
6585,F,56,56,70,182,76,8,86,170
6586,M,78,73,74,225,100,85,95,280
6587,F,59,51,74,184,87,88,91,266
6588,M,55,54,67,176,89,64,79,232
6589,M,71,70,68,209,87,91,66,244
6590,M,74,62,78,214,94,79,71,244
6591,M,41,51,43,135,20,34,23,77
6592,F,74,60,53,187,89,66,68,223
6593,F,58,60,78,196,73,46,79,198
6594,M,43,39,40,122,3,6,38,47
6595,M,64,77,80,221,68,88,98,254
6596,F,63,64,70,197,98,85,82,265
6597,M,56,56,70,182,75,31,73,179
6598,F,77,70,85,232,88,99,97,284
6599,M,72,64,68,204,99,93,84,276
6600,M,59,62,68,189,24,13,89,126
6601,M,63,62,68,193,70,92,86,248
6602,F,75,70,74,219,94,93,97,284
6603,F,60,54,53,167,51,33,76,160
6604,M,62,70,67,199,87,62,84,233
6605,M,74,73,85,232,94,83,92,269
6606,M,61,64,72,197,88,82,88,258
6607,M,69,58,80,207,88,73,89,250
6608,F,48,51,50,149,17,17,60,94
6609,M,64,64,42,170,67,45,25,137
6610,M,57,56,52,165,59,60,52,171
6611,F,59,58,65,182,77,56,62,195
6612,M,66,73,68,207,90,97,92,279
6613,F,54,45,46,145,15,78,52,145
6614,F,50,45,48,143,51,35,18,104
6615,F,67,64,78,209,75,73,78,226
6616,F,66,60,49,175,32,37,66,135
6617,F,54,53,67,174,59,83,67,209
6618,M,62,55,40,157,93,59,74,226
6619,M,57,58,46,161,48,83,72,203
6620,F,62,56,64,182,14,21,78,113
6621,M,57,55,57,169,50,86,49,185
6622,F,50,56,53,159,42,6,52,100
6623,M,53,50,48,151,72,38,49,159
6624,F,64,82,74,220,84,58,65,207
6625,F,43,41,48,132,10,22,47,79
6626,M,56,56,52,164,21,10,84,115
6627,F,66,67,67,200,73,92,89,254
6628,F,62,64,76,202,75,92,93,260
6629,F,45,51,42,138,9,33,34,76
6630,M,64,70,52,186,91,81,51,223
6631,M,74,82,67,223,94,93,79,266
6632,M,56,62,50,168,58,69,75,202
6633,M,50,43,43,136,18,50,11,79
6634,M,81,82,55,218,100,99,61,260
6635,M,64,58,48,170,26,48,46,120
6636,M,60,70,44,174,53,32,21,106
6637,M,71,65,59,195,27,81,75,183
6638,M,57,56,50,163,30,4,35,69
6639,M,52,60,49,161,23,36,50,109
6640,M,66,65,72,203,71,90,92,253
6641,M,81,100,90,271,100,100,94,294
6642,M,74,73,68,215,96,80,85,261
6643,M,60,56,65,181,85,92,94,271
6644,M,65,62,55,182,47,59,24,130
6645,M,63,58,39,160,60,75,44,179
6646,M,71,73,43,187,83,64,80,227
6647,F,61,62,70,193,48,83,89,220
6648,F,50,56,49,155,36,49,71,156
6649,F,60,67,70,197,79,59,75,213
6650,F,54,56,57,167,5,6,75,86
6651,F,69,70,52,191,100,96,94,290
6652,F,40,46,53,139,2,19,6,27
6653,F,77,65,70,212,92,78,74,244
6654,F,57,47,53,157,80,22,80,182
6655,M,77,62,59,198,97,88,80,265
6656,M,66,67,64,197,96,100,71,267
6657,F,53,64,52,169,15,47,12,74
6658,M,54,55,67,176,55,62,76,193
6659,M,62,62,64,188,95,96,88,279
6660,F,74,70,76,220,74,98,95,267
6661,M,64,65,60,189,86,80,73,239
6662,M,51,64,52,167,8,33,7,48
6663,M,47,46,52,145,14,1,14,29
6664,F,66,56,50,172,47,76,72,195
6665,M,64,73,57,194,77,88,70,235
6666,M,69,62,67,198,79,44,81,204
6667,F,54,43,46,143,1,6,39,46
6668,F,64,60,59,183,65,74,70,209
6669,M,50,45,46,141,27,42,40,109
6670,M,45,54,40,139,4,9,3,16
6671,M,55,73,48,176,24,62,21,107
6672,F,69,62,67,198,35,57,49,141
6673,M,49,56,52,157,47,50,53,150
6674,M,66,62,50,178,64,33,19,116
6675,F,54,49,53,156,60,2,70,132
6676,M,55,48,78,181,73,60,89,222
6677,F,52,53,40,145,67,41,26,134
6678,M,52,65,58,175,69,54,79,202
6679,M,61,60,72,193,71,38,85,194
6680,F,63,56,72,191,60,71,73,204
6681,F,87,70,78,235,70,92,94,256
6682,M,52,47,59,158,43,86,74,203
6683,M,60,67,60,187,72,88,46,206
6684,F,45,62,54,161,15,29,61,105
6685,M,49,52,50,151,49,57,43,149
6686,M,58,62,78,198,92,58,85,235
6687,M,62,65,57,184,83,54,73,210
6688,M,56,60,50,166,40,70,37,147
6689,M,56,47,50,153,11,53,10,74
6690,M,60,60,50,170,49,11,73,133
6691,M,50,51,44,145,10,7,15,32
6692,F,68,55,54,177,89,32,2,123
6693,M,75,82,74,231,98,41,94,233
6694,M,74,64,90,228,98,70,94,262
6695,M,64,65,57,186,79,81,68,228
6696,M,69,62,46,177,88,26,70,184
6697,M,64,65,57,186,49,86,57,192
6698,M,55,58,46,159,54,76,43,173
6699,M,77,82,62,221,96,95,92,283
6700,M,71,62,49,182,86,60,63,209
6701,F,74,77,50,201,93,66,46,205
6702,M,69,73,62,204,62,57,38,157
6703,F,56,58,54,168,38,14,58,110
6704,M,77,77,85,239,93,100,96,289
6705,M,62,65,76,203,64,81,72,217
6706,F,78,82,74,234,94,98,75,267
6707,F,64,55,42,161,55,77,13,145
6708,M,69,62,53,184,73,69,19,161
6709,M,60,70,42,172,98,96,39,233
6710,F,59,60,52,171,55,38,56,149
6711,F,69,67,74,210,81,94,86,261
6712,M,65,62,55,182,86,76,82,244
6713,F,58,60,50,168,65,79,72,216
6714,M,55,60,67,182,78,47,83,208
6715,M,64,55,58,177,43,26,72,141
6716,F,56,47,53,156,78,68,81,227
6717,M,47,46,46,139,28,16,39,83
6718,F,57,46,48,151,64,89,87,240
6719,M,69,67,78,214,95,91,92,278
6720,M,41,53,55,149,41,62,51,154
6721,F,62,64,72,198,25,49,67,141
6722,F,56,47,39,142,63,56,73,192
6723,M,64,62,65,191,96,82,93,271
6724,F,43,53,55,151,30,76,63,169
6725,M,63,64,62,189,65,92,87,244
6726,M,69,70,59,198,78,95,74,247
6727,M,74,82,55,211,95,96,61,252
6728,M,55,54,54,163,87,66,85,238
6729,M,71,65,58,194,64,32,1,97
6730,F,74,82,70,226,99,100,93,292
6731,F,62,67,58,187,34,74,44,152
6732,F,47,56,44,147,64,14,14,92
6733,F,74,70,58,202,98,97,69,264
6734,F,60,62,59,181,16,44,52,112
6735,M,60,73,48,181,63,89,42,194
6736,F,54,51,46,151,20,22,2,44
6737,F,64,51,65,180,24,20,76,120
6738,M,72,70,48,190,100,94,29,223
6739,M,51,56,52,159,24,52,73,149
6740,M,54,52,54,160,45,62,71,178
6741,F,69,60,57,186,76,77,71,224
6742,M,31,40,43,114,30,3,30,63
6743,F,61,65,52,178,82,92,6,180
6744,F,68,65,55,188,84,31,74,189
6745,F,64,62,65,191,86,69,70,225
6746,M,52,55,57,164,79,89,68,236
6747,F,69,64,67,200,2,5,93,100
6748,F,66,62,68,196,93,88,91,272
6749,M,61,62,62,185,84,85,98,267
6750,M,65,66,53,184,3,1,57,61
6751,F,52,51,58,161,31,7,76,114
6752,M,56,58,58,172,47,60,80,187
6753,F,72,73,65,210,99,100,92,291
6754,F,87,73,67,227,89,88,83,260
6755,M,68,82,74,224,84,84,81,249
6756,M,64,77,70,211,81,83,87,251
6757,F,63,73,74,210,49,21,85,155
6758,M,45,58,49,152,60,8,72,140
6759,M,40,54,43,137,71,53,32,156
6760,M,66,70,54,190,81,17,55,153
6761,F,61,58,53,172,39,37,65,141
6762,M,43,47,43,133,12,2,23,37
6763,F,77,73,60,210,81,81,74,236
6764,M,87,73,64,224,100,99,91,290
6765,M,50,49,50,149,51,82,46,179
6766,F,52,60,65,177,43,17,72,132
6767,F,66,58,67,191,71,54,93,218
6768,F,74,67,78,219,82,86,93,261
6769,F,77,77,90,244,100,92,100,292
6770,F,52,51,46,149,21,26,34,81
6771,F,47,48,54,149,4,23,66,93
6772,F,63,60,64,187,25,62,66,153
6773,F,81,100,82,263,81,96,90,267
6774,F,50,49,46,145,34,9,65,108
6775,F,65,67,57,189,93,72,68,233
6776,F,64,67,72,203,83,85,85,253
6777,F,68,77,78,223,94,61,70,225
6778,F,77,77,67,221,82,90,51,223
6779,F,60,60,52,172,87,76,52,215
6780,M,50,39,48,137,55,87,27,169
6781,M,33,37,46,116,21,12,29,62
6782,M,64,67,55,186,78,85,79,242
6783,M,57,55,54,166,65,49,49,163
6784,M,71,64,57,192,52,67,78,197
6785,M,66,82,70,218,98,71,91,260
6786,M,54,65,55,174,57,67,75,199
6787,M,57,54,67,178,48,71,90,209
6788,F,31,50,43,124,10,13,7,30
6789,F,69,67,72,208,99,98,81,278
6790,M,49,46,40,135,8,23,32,63
6791,M,55,60,42,157,64,66,58,188
6792,F,54,55,50,159,36,31,37,104
6793,M,51,56,49,156,35,34,48,117
6794,M,71,82,70,223,100,92,87,279
6795,M,43,55,46,144,20,28,17,65
6796,M,61,60,55,176,71,37,57,165
6797,F,77,77,82,236,98,97,97,292
6798,F,63,58,62,183,85,86,60,231
6799,M,62,53,48,163,45,64,53,162
6800,M,74,65,76,215,92,19,96,207
6801,M,52,45,62,159,1,46,91,138
6802,M,51,46,43,140,28,39,40,107
6803,M,65,62,76,203,60,82,91,233
6804,F,61,67,53,181,80,79,66,225
6805,M,64,70,49,183,39,83,68,190
6806,M,62,60,53,175,58,41,66,165
6807,M,43,51,46,140,47,51,49,147
6808,F,58,58,50,166,16,61,58,135
6809,M,55,54,44,153,43,18,52,113
6810,M,61,64,50,175,74,86,40,200
6811,M,53,54,43,150,63,57,46,166
6812,M,59,60,57,176,86,93,79,258
6813,M,56,62,52,170,75,28,54,157
6814,F,61,60,53,174,74,62,55,191
6815,F,56,67,48,171,38,21,20,79
6816,F,41,49,53,143,25,14,38,77
6817,F,65,54,74,193,71,7,81,159
6818,F,56,46,70,172,36,35,83,154
6819,F,64,58,53,175,62,84,48,194
6820,F,68,65,60,193,92,44,73,209
6821,M,66,62,76,204,77,80,87,244
6822,M,66,65,54,185,61,86,77,224
6823,M,63,50,46,159,86,67,29,182
6824,M,64,70,53,187,93,85,64,242
6825,M,57,46,48,151,17,2,11,30
6826,F,58,64,72,194,39,87,70,196
6827,F,59,45,59,163,33,85,68,186
6828,M,62,64,82,208,95,74,98,267
6829,F,54,62,48,164,83,49,36,168
6830,F,59,62,60,181,68,45,68,181
6831,F,61,60,70,191,58,79,75,212
6832,M,49,54,39,142,62,30,12,104
6833,F,56,58,46,160,83,85,54,222
6834,M,40,52,53,145,7,9,29,45
6835,M,48,49,40,137,16,41,21,78
6836,M,54,56,49,159,41,47,47,135
6837,M,46,36,48,130,15,3,10,28
6838,M,47,56,46,149,54,52,26,132
6839,M,66,60,54,180,77,35,40,152
6840,M,77,64,67,208,99,99,92,290
6841,F,58,56,50,164,55,72,86,213
6842,F,69,58,43,170,55,77,69,201
6843,M,59,67,52,178,90,86,83,259
6844,M,47,46,43,136,9,20,21,50
6845,M,43,41,53,137,4,18,62,84
6846,M,62,62,74,198,87,89,94,270
6847,M,47,54,40,141,50,43,10,103
6848,F,54,60,44,158,76,58,55,189
6849,M,69,60,90,219,81,53,92,226
6850,F,69,60,49,178,52,48,52,152
6851,F,65,77,67,209,86,99,85,270
6852,F,74,60,53,187,67,57,59,183
6853,M,59,43,55,157,69,7,38,114
6854,M,59,73,62,194,71,57,81,209
6855,F,49,54,57,160,21,48,49,118
6856,F,60,62,48,170,31,72,61,164
6857,M,71,67,64,202,99,97,90,286
6858,M,59,56,59,174,84,72,97,253
6859,F,68,60,78,206,91,46,91,228
6860,M,57,64,55,176,80,53,79,212
6861,M,54,65,57,176,54,11,60,125
6862,F,86,82,90,258,62,86,98,246
6863,F,62,58,58,178,87,56,69,212
6864,F,69,62,62,193,86,96,76,258
6865,M,74,64,95,233,99,90,99,288
6866,F,69,73,58,200,42,37,49,128
6867,M,62,77,49,188,84,95,86,265
6868,M,56,70,78,204,94,87,88,269
6869,M,64,77,54,195,40,3,70,113
6870,M,55,54,80,189,73,73,88,234
6871,F,60,62,59,181,66,62,78,206
6872,M,66,58,60,184,60,73,65,198
6873,M,66,62,48,176,86,71,74,231
6874,M,74,70,72,216,87,86,87,260
6875,M,67,62,64,193,62,65,66,193
6876,M,75,64,42,181,95,100,82,277
6877,M,57,56,55,168,35,36,63,134
6878,M,43,41,40,124,9,25,5,39
6879,M,51,50,52,153,40,72,51,163
6880,M,74,100,95,269,100,96,97,293
6881,M,81,70,72,223,75,98,79,252
6882,M,53,50,49,152,49,77,18,144
6883,F,50,49,68,167,43,50,59,152
6884,M,66,73,65,204,97,97,99,293
6885,M,41,36,43,120,21,36,42,99
6886,M,54,53,50,157,78,21,61,160
6887,M,62,73,53,188,13,73,82,168
6888,M,65,67,82,214,98,64,94,256
6889,F,55,50,46,151,43,25,25,93
6890,M,55,48,64,167,68,52,79,199
6891,M,68,73,49,190,63,9,50,122
6892,F,59,47,55,161,40,37,46,123
6893,F,63,73,72,208,79,74,87,240
6894,F,77,62,82,221,83,83,94,260
6895,F,60,52,65,177,6,31,86,123
6896,F,43,53,52,148,58,13,55,126
6897,F,66,67,62,195,79,79,57,215
6898,M,69,67,100,236,97,74,94,265
6899,F,56,56,60,172,6,9,43,58
6900,M,74,77,65,216,73,88,76,237
6901,F,67,64,90,221,99,81,96,276
6902,M,46,33,48,127,7,10,29,46
6903,M,64,58,74,196,76,89,98,263
6904,M,71,65,68,204,91,67,84,242
6905,M,65,62,54,181,51,35,56,142
6906,F,61,58,76,195,37,39,88,164
6907,M,48,58,50,156,1,40,70,111
6908,M,66,70,43,179,60,79,32,171
6909,F,35,52,40,127,20,37,28,85
6910,M,55,56,42,153,61,57,61,179
6911,M,71,73,55,199,79,86,65,230
6912,M,77,100,76,253,91,99,94,284
6913,M,71,67,80,218,100,97,87,284
6914,M,78,73,85,236,98,100,100,298
6915,M,56,65,52,173,9,47,10,66
6916,M,58,55,52,165,77,65,76,218
6917,M,74,60,65,199,98,1,91,190
6918,M,69,70,90,229,93,96,100,289
6919,F,77,64,95,236,100,100,100,300
6920,M,67,52,72,191,52,77,83,212
6921,F,71,60,57,188,53,56,62,171
6922,F,64,67,59,190,78,85,61,224
6923,M,69,73,90,232,90,90,89,269
6924,M,58,60,55,173,76,88,75,239
6925,M,62,65,55,182,58,34,23,115
6926,M,81,82,67,230,75,95,76,246
6927,M,87,91,90,268,97,100,99,296
6928,M,69,65,68,202,78,27,88,193
6929,M,77,82,49,208,81,11,57,149
6930,M,67,70,67,204,77,57,80,214
6931,M,48,49,50,147,60,14,58,132
6932,M,54,51,48,153,70,78,80,228
6933,F,48,62,50,160,8,45,33,86
6934,M,53,50,53,156,52,49,66,167
6935,M,54,58,62,174,44,23,83,150
6936,M,57,58,82,197,88,51,94,233
6937,F,59,58,62,179,39,70,79,188
6938,F,64,65,58,187,25,16,58,99
6939,M,69,62,59,190,90,93,84,267
6940,M,54,60,44,158,55,85,73,213
6941,F,62,56,54,172,74,65,54,193
6942,M,62,60,60,182,80,22,86,188
6943,M,50,47,48,145,80,32,47,159
6944,M,64,62,76,202,76,88,94,258
6945,F,62,62,50,174,46,88,76,210
6946,F,65,62,78,205,73,98,84,255
6947,F,71,64,68,203,88,94,86,268
6948,F,77,70,82,229,98,99,95,292
6949,F,71,67,67,205,95,65,72,232
6950,F,62,58,58,178,69,68,80,217
6951,F,72,77,68,217,85,99,86,270
6952,F,69,65,82,216,100,85,95,280
6953,M,78,73,68,219,85,81,90,256
6954,F,66,53,53,172,43,77,67,187
6955,F,71,73,74,218,82,41,97,220
6956,F,66,67,70,203,80,63,88,231
6957,M,62,77,82,221,86,90,95,271
6958,F,60,60,62,182,41,73,75,189
6959,M,57,70,48,175,48,37,70,155
6960,F,71,70,72,213,49,90,88,227
6961,M,58,60,46,164,25,11,11,47
6962,M,69,70,82,221,96,98,92,286
6963,M,77,56,59,192,39,53,62,154
6964,F,60,62,50,172,74,80,73,227
6965,M,65,56,44,165,28,14,9,51
6966,M,75,60,54,189,96,94,66,256
6967,M,63,55,58,176,81,89,76,246
6968,M,59,53,52,164,28,17,74,119
6969,F,54,62,55,171,40,67,77,184
6970,M,74,70,78,222,85,93,98,276
6971,M,64,62,64,190,22,48,63,133
6972,M,65,67,74,206,96,93,97,286
6973,M,48,55,48,151,56,6,3,65
6974,F,57,56,78,191,85,23,85,193
6975,F,69,67,82,218,92,90,96,278
6976,F,74,58,80,212,71,82,86,239
6977,F,68,62,62,192,53,33,65,151
6978,M,61,58,58,177,46,3,26,75
6979,F,81,90,70,241,99,80,92,271
6980,M,68,60,49,177,71,86,42,199
6981,M,66,58,65,189,19,15,64,98
6982,M,56,67,62,185,24,75,87,186
6983,M,66,70,95,231,98,76,93,267
6984,M,64,65,72,201,52,51,75,178
6985,F,62,67,57,186,40,37,38,115
6986,F,57,62,65,184,85,88,95,268
6987,M,65,64,95,224,83,36,98,217
6988,M,71,58,60,189,94,75,82,251
6989,M,57,64,38,159,19,75,33,127
6990,F,65,67,52,184,84,91,44,219
6991,M,87,82,100,269,99,97,100,296
6992,F,59,62,59,180,29,66,82,177
6993,M,57,58,52,167,74,78,4,156
6994,M,53,62,57,172,65,91,58,214
6995,F,62,64,90,216,95,91,91,277
6996,F,66,55,57,178,80,70,62,212
6997,F,64,51,60,175,78,77,78,233
6998,M,65,64,95,224,82,87,97,266
6999,F,62,65,74,201,61,91,73,225
7000,M,71,56,68,195,7,8,83,98
7001,F,66,67,76,209,78,63,76,217
7002,F,69,55,65,189,77,43,92,212
7003,M,54,62,60,176,79,79,76,234
7004,F,58,67,54,179,71,52,69,192
7005,F,62,56,57,175,73,87,87,247
7006,M,55,56,54,165,49,87,56,192
7007,M,64,50,64,178,75,69,80,224
7008,M,55,50,78,183,58,40,82,180
7009,M,66,70,85,221,100,96,91,287
7010,M,71,70,59,200,89,90,84,263
7011,F,64,50,52,166,88,12,88,188
7012,F,74,73,85,232,99,100,96,295
7013,M,65,56,52,173,65,51,53,169
7014,M,86,77,82,245,100,97,82,279
7015,F,72,58,76,206,6,16,71,93
7016,F,62,62,59,183,51,95,85,231
7017,M,68,60,53,181,55,45,58,158
7018,F,57,54,50,161,83,44,7,134
7019,M,87,82,68,237,93,23,95,211
7020,F,53,54,65,172,9,10,77,96
7021,F,52,56,49,157,63,86,54,203
7022,M,47,44,50,141,40,45,57,142
7023,M,62,55,52,169,6,3,75,84
7024,M,49,48,48,145,74,30,26,130
7025,F,71,67,80,218,73,94,96,263
7026,F,66,60,62,188,80,36,54,170
7027,M,59,60,72,191,55,20,94,169
7028,F,38,46,46,130,49,65,49,163
7029,F,71,47,67,185,9,50,84,143
7030,F,64,55,67,186,42,77,68,187
7031,M,62,70,49,181,90,69,62,221
7032,M,65,64,68,197,93,83,93,269
7033,M,49,60,52,161,56,74,71,201
7034,M,43,56,43,142,46,29,29,104
7035,M,71,77,82,230,96,100,93,289
7036,F,78,70,78,226,84,31,81,196
7037,F,45,44,49,138,10,8,56,74
7038,F,58,58,58,174,21,11,58,90
7039,F,52,56,59,167,39,60,78,177
7040,M,61,62,49,172,37,81,91,209
7041,M,60,62,52,174,66,96,34,196
7042,M,60,64,48,172,46,57,75,178
7043,F,35,51,64,150,14,2,54,70
7044,F,72,67,55,194,72,83,57,212
7045,F,64,58,58,180,42,65,65,172
7046,M,82,73,90,245,91,90,97,278
7047,F,95,70,78,243,95,98,92,285
7048,F,41,41,43,125,29,13,71,113
7049,F,50,56,53,159,10,26,40,76
7050,M,51,50,55,156,41,31,63,135
7051,F,71,70,95,236,93,96,92,281
7052,M,49,42,57,148,6,12,85,103
7053,F,75,73,95,243,67,88,100,255
7054,M,51,56,42,149,67,59,24,150
7055,F,54,47,55,156,61,71,77,209
7056,F,66,65,70,201,94,5,86,185
7057,F,57,70,48,175,75,75,59,209
7058,F,53,52,58,163,72,27,83,182
7059,F,66,73,67,206,51,59,70,180
7060,M,59,62,67,188,62,42,89,193
7061,F,58,54,59,171,90,75,91,256
7062,M,62,60,82,204,62,80,97,239
7063,F,63,56,74,193,82,28,89,199
7064,M,64,73,82,219,80,32,84,196
7065,F,53,60,55,168,65,80,42,187
7066,F,55,58,46,159,67,62,65,194
7067,F,72,67,43,182,54,90,20,164
7068,F,69,60,76,205,62,62,94,218
7069,F,71,82,80,233,94,80,90,264
7070,F,53,52,70,175,60,50,74,184
7071,F,56,47,67,170,59,51,61,171
7072,F,74,73,68,215,82,96,89,267
7073,F,58,49,42,149,28,59,67,154
7074,F,74,67,90,231,98,91,98,287
7075,F,77,56,80,213,70,31,92,193
7076,F,81,82,90,253,98,99,97,294
7077,F,56,60,64,180,75,53,66,194
7078,M,54,65,52,171,69,92,74,235
7079,M,56,48,48,152,35,38,42,115
7080,M,74,91,49,214,89,84,40,213
7081,M,51,50,49,150,83,64,65,212
7082,M,61,56,67,184,67,80,86,233
7083,M,51,50,50,151,30,45,85,160
7084,M,66,82,54,202,89,94,86,269
7085,F,55,58,49,162,65,85,25,175
7086,M,35,41,43,119,44,61,72,177
7087,M,64,53,54,171,53,28,67,148
7088,M,74,67,95,236,98,92,99,289
7089,F,59,51,59,169,57,92,84,233
7090,F,57,62,65,184,31,47,85,163
7091,M,54,53,60,167,89,5,75,169
7092,F,64,67,85,216,81,91,91,263
7093,M,59,67,80,206,84,57,92,233
7094,F,71,70,82,223,95,86,91,272
7095,M,61,62,68,191,29,58,94,181
7096,M,75,82,85,242,74,92,98,264
7097,M,61,73,78,212,92,100,92,284
7098,M,64,70,82,216,94,85,97,276
7099,M,81,77,68,226,89,98,86,273
7100,F,63,58,52,173,9,21,45,75
7101,M,50,51,53,154,68,59,52,179
7102,M,56,48,68,172,1,27,42,70
7103,M,49,48,52,149,39,25,60,124
7104,M,62,58,53,173,88,61,45,194
7105,M,68,73,72,213,82,84,94,260
7106,F,65,64,70,199,36,67,84,187
7107,M,62,60,48,170,58,62,87,207
7108,F,53,56,52,161,71,30,56,157
7109,F,66,67,76,209,67,69,83,219
7110,F,66,60,67,193,95,74,72,241
7111,F,66,70,57,193,84,53,65,202
7112,M,66,56,44,166,93,52,73,218
7113,M,68,67,53,188,86,94,79,259
7114,F,54,53,46,153,51,21,50,122
7115,M,68,82,50,200,99,92,70,261
7116,F,59,51,52,162,73,83,49,205
7117,M,74,70,90,234,100,93,95,288
7118,F,74,65,68,207,91,88,93,272
7119,M,71,70,70,211,70,54,86,210
7120,M,69,66,78,213,86,23,95,204
7121,M,74,70,80,224,48,74,87,209
7122,M,68,77,64,209,85,27,93,205
7123,M,67,68,92,227,27,57,90,174
7124,M,52,56,74,182,40,16,88,144
7125,M,60,56,74,190,10,9,76,95
7126,M,90,80,92,262,95,99,95,289
7127,M,74,77,90,241,93,86,97,276
7128,M,52,60,65,177,80,44,73,197
7129,M,64,62,67,193,83,84,91,258
7130,M,52,58,54,164,23,6,38,67
7131,F,67,54,80,201,99,93,96,288
7132,F,57,53,42,152,61,21,30,112
7133,F,52,49,44,145,47,3,66,116
7134,M,66,65,74,205,92,77,83,252
7135,M,56,58,67,181,1,27,79,107
7136,M,69,77,57,203,34,17,67,118
7137,F,55,48,49,152,66,18,58,142
7138,F,37,50,49,136,38,14,23,75
7139,F,60,58,36,154,89,63,17,169
7140,M,71,82,68,221,80,97,84,261
7141,F,61,56,55,172,18,12,65,95
7142,F,61,70,78,209,88,82,91,261
7143,F,56,49,57,162,9,39,79,127
7144,M,52,53,48,153,77,36,62,175
7145,F,87,77,90,254,99,88,91,278
7146,F,71,70,65,206,93,97,89,279
7147,M,52,51,62,165,57,46,74,177
7148,M,64,67,55,186,77,58,32,167
7149,F,62,53,53,168,38,49,51,138
7150,M,66,65,68,199,65,58,81,204
7151,M,59,56,67,182,67,69,76,212
7152,M,61,60,59,180,4,9,3,16
7153,M,56,64,55,175,38,63,62,163
7154,M,62,70,78,210,95,76,92,263
7155,M,43,39,42,124,34,14,37,85
7156,M,69,67,64,200,94,10,62,166
7157,M,68,58,65,191,75,58,61,194
7158,M,52,47,52,151,3,12,47,62
7159,M,48,33,65,146,83,57,83,223
7160,M,50,51,57,158,37,86,8,131
7161,F,46,45,42,133,6,3,12,21
7162,F,48,49,54,151,51,79,50,180
7163,M,68,56,52,176,75,27,69,171
7164,F,57,52,58,167,35,68,65,168
7165,M,45,50,72,167,58,39,72,169
7166,M,38,32,39,109,16,14,8,38
7167,F,62,56,59,177,88,80,74,242
7168,F,46,45,43,134,1,6,29,36
7169,M,57,58,64,179,27,82,51,160
7170,M,61,56,59,176,74,25,57,156
7171,F,54,51,49,154,18,4,29,51
7172,M,61,56,70,187,76,77,80,233
7173,F,71,62,62,195,84,83,81,248
7174,M,65,58,49,172,66,97,64,227
7175,M,68,62,65,195,84,37,88,209
7176,M,53,54,52,159,4,18,43,65
7177,M,62,58,82,202,71,83,96,250
7178,F,58,49,57,164,15,30,68,113
7179,F,55,54,58,167,22,49,63,134
7180,M,57,58,57,172,49,7,43,99
7181,M,55,52,46,153,60,64,4,128
7182,M,62,60,54,176,94,51,70,215
7183,F,64,56,53,173,89,89,81,259
7184,F,68,73,64,205,69,91,84,244
7185,M,56,47,42,145,17,34,4,55
7186,M,68,73,82,223,97,99,100,296
7187,F,67,67,50,184,68,20,43,131
7188,M,71,82,82,235,96,75,86,257
7189,M,64,60,42,166,44,64,2,110
7190,F,57,62,59,178,65,39,64,168
7191,M,69,67,58,194,74,58,73,205
7192,M,45,46,48,139,45,30,34,109
7193,F,61,58,72,191,89,62,85,236
7194,F,51,60,42,153,50,59,27,136
7195,M,77,73,76,226,89,87,87,263
7196,M,46,51,49,146,17,7,5,29
7197,F,58,43,46,147,72,80,62,214
7198,M,69,70,80,219,60,94,98,252
7199,M,55,48,50,153,72,70,54,196
7200,F,74,91,65,230,97,93,83,273
7201,M,81,100,82,263,81,96,99,276
7202,M,59,62,49,170,58,65,60,183
7203,F,58,58,49,165,26,44,83,153
7204,F,59,56,48,163,64,8,7,79
7205,M,37,54,52,143,56,63,68,187
7206,F,62,56,54,172,5,16,77,98
7207,M,62,51,65,178,44,8,76,128
7208,M,48,45,49,142,16,15,51,82
7209,F,42,50,52,144,33,68,40,141
7210,M,62,77,53,192,82,93,66,241
7211,F,62,58,68,188,35,75,78,188
7212,F,69,70,67,206,97,76,86,259
7213,M,48,49,49,146,12,20,31,63
7214,M,66,56,54,176,80,81,72,233
7215,M,43,43,42,128,13,43,5,61
7216,M,64,65,58,187,84,58,66,208
7217,M,59,67,53,179,53,54,63,170
7218,M,58,54,52,164,59,74,67,200
7219,F,69,73,55,197,95,71,65,231
7220,F,64,45,90,199,54,13,88,155
7221,M,45,52,53,150,62,75,47,184
7222,F,44,43,54,141,24,67,36,127
7223,M,56,60,57,173,45,49,63,157
7224,M,48,47,50,145,7,16,32,55
7225,M,66,73,59,198,76,21,78,175
7226,F,64,60,70,194,66,58,88,212
7227,M,66,65,58,189,85,64,65,214
7228,F,57,52,52,161,50,11,69,130
7229,M,51,44,53,148,3,43,18,64
7230,F,56,56,54,166,50,48,63,161
7231,F,63,60,58,181,87,91,67,245
7232,M,49,44,48,141,52,40,42,134
7233,M,66,70,72,208,47,38,78,163
7234,F,64,60,62,186,62,79,68,209
7235,M,71,91,82,244,97,97,100,294
7236,F,52,47,65,164,57,80,81,218
7237,M,75,70,85,230,99,58,94,251
7238,F,64,60,62,186,74,73,65,212
7239,F,69,67,60,196,21,60,85,166
7240,F,64,56,59,179,83,67,79,229
7241,F,72,70,60,202,95,96,81,272
7242,F,77,77,85,239,96,98,96,290
7243,M,74,56,76,206,78,11,91,180
7244,M,62,58,52,172,17,9,59,85
7245,M,64,64,46,174,24,40,61,125
7246,F,69,60,78,207,92,96,84,272
7247,M,60,58,74,192,69,63,90,222
7248,F,57,62,54,173,63,80,28,171
7249,M,38,42,40,120,34,36,53,123
7250,M,64,58,68,190,97,66,90,253
7251,F,71,82,72,225,100,89,79,268
7252,M,64,65,65,194,89,98,68,255
7253,M,54,45,49,148,60,52,35,147
7254,M,68,70,60,198,83,92,90,265
7255,M,81,70,64,215,92,84,72,248
7256,F,62,77,50,189,63,90,33,186
7257,M,69,67,62,198,72,51,74,197
7258,M,46,55,50,151,9,29,52,90
7259,F,53,56,46,155,14,54,66,134
7260,M,57,62,55,174,10,6,86,102
7261,M,52,62,52,166,61,53,37,151
7262,M,38,58,54,150,28,15,49,92
7263,M,72,73,59,204,100,83,82,265
7264,F,58,58,50,166,61,68,82,211
7265,F,59,60,57,176,64,76,65,205
7266,F,59,54,57,170,52,48,36,136
7267,M,60,60,67,187,99,93,78,270
7268,F,56,58,65,179,36,61,70,167
7269,M,45,52,52,149,3,11,18,32
7270,M,51,56,42,149,70,65,1,136
7271,M,66,65,40,171,82,53,14,149
7272,F,63,56,44,163,77,75,59,211
7273,M,65,73,68,206,95,72,64,231
7274,M,64,67,59,190,73,81,74,228
7275,M,55,54,50,159,34,23,37,94
7276,M,48,55,53,156,71,82,62,215
7277,F,66,62,50,178,40,59,63,162
7278,M,49,40,50,139,11,11,39,61
7279,F,59,58,40,157,73,43,47,163
7280,M,62,55,52,169,79,80,74,233
7281,F,62,60,54,176,49,7,56,112
7282,M,51,48,52,151,59,45,61,165
7283,F,56,58,58,172,64,62,47,173
7284,M,54,47,49,150,44,52,33,129
7285,M,81,67,50,198,49,31,49,129
7286,M,58,67,42,167,31,62,25,118
7287,M,43,43,46,132,20,9,22,51
7288,F,59,60,59,178,58,59,63,180
7289,M,62,55,60,177,8,22,37,67
7290,M,52,56,48,156,58,55,48,161
7291,M,54,55,49,158,32,50,7,89
7292,F,66,62,76,204,91,96,90,277
7293,M,56,56,58,170,50,62,63,175
7294,F,52,41,43,136,11,19,44,74
7295,F,66,58,54,178,82,69,76,227
7296,M,70,73,82,225,86,94,91,271
7297,F,75,64,82,221,74,92,97,263
7298,M,61,54,52,167,31,25,66,122
7299,M,48,55,48,151,45,23,50,118
7300,M,45,44,36,125,35,6,30,71
7301,F,45,45,48,138,2,18,51,71
7302,M,38,46,46,130,5,10,29,44
7303,M,52,60,53,165,40,65,52,157
7304,F,52,62,65,179,80,72,68,220
7305,M,53,52,44,149,52,32,19,103
7306,M,59,70,55,184,81,78,78,237
7307,F,87,77,54,218,80,81,53,214
7308,F,61,60,49,170,83,87,76,246
7309,F,66,60,76,202,82,19,93,194
7310,F,65,62,80,207,50,5,95,150
7311,F,61,67,58,186,61,34,54,149
7312,F,48,51,68,167,30,35,71,136
7313,F,53,52,68,173,65,32,87,184
7314,M,68,73,70,211,95,45,88,228
7315,F,63,52,58,173,59,65,81,205
7316,F,45,52,43,140,33,3,6,42
7317,F,81,77,53,211,85,79,78,242
7318,M,64,60,55,179,72,84,91,247
7319,F,49,56,53,158,7,18,44,69
7320,M,51,64,57,172,19,1,64,84
7321,M,66,77,76,219,75,72,86,233
7322,F,49,52,55,156,25,48,71,144
7323,F,64,77,53,194,68,15,81,164
7324,M,55,46,42,143,27,25,52,104
7325,M,56,58,46,160,44,55,63,162
7326,F,59,49,42,150,66,71,61,198
7327,M,53,48,46,147,25,18,18,61
7328,F,56,55,53,164,18,30,53,101
7329,M,60,73,58,191,95,94,71,260
7330,F,54,51,46,151,8,53,54,115
7331,F,59,53,53,165,20,49,65,134
7332,M,81,91,90,262,100,96,98,294
7333,M,82,100,82,264,100,100,98,298
7334,F,66,73,95,234,82,94,92,268
7335,M,62,73,60,195,75,37,82,194
7336,F,62,55,53,170,6,46,74,126
7337,M,64,73,67,204,80,69,83,232
7338,F,58,43,49,150,13,5,72,90
7339,M,58,55,48,161,68,20,77,165
7340,M,95,100,95,290,100,89,100,289
7341,F,54,56,72,182,45,8,89,142
7342,F,77,100,90,267,99,97,99,295
7343,M,71,67,62,200,36,66,86,188
7344,M,56,58,39,153,48,34,67,149
7345,M,69,77,46,192,54,69,1,124
7346,F,78,73,55,206,76,78,80,234
7347,M,52,45,64,161,46,3,51,100
7348,M,62,62,78,202,69,83,86,238
7349,M,96,82,57,235,100,99,93,292
7350,M,58,58,40,156,47,42,53,142
7351,F,51,62,78,191,31,6,86,123
7352,M,82,90,90,262,94,94,99,287
7353,M,78,70,85,233,82,88,99,269
7354,F,74,91,100,265,77,88,99,264
7355,M,69,82,95,246,66,99,100,265
7356,F,69,51,57,177,46,25,44,115
7357,F,72,70,68,210,93,92,75,260
7358,M,66,70,78,214,98,83,77,258
7359,M,57,47,46,150,28,23,32,83
7360,M,63,60,59,182,70,41,68,179
7361,F,60,65,60,185,94,64,57,215
7362,M,63,60,43,166,84,50,1,135
7363,M,62,54,68,184,72,77,94,243
7364,F,65,52,49,166,81,71,70,222
7365,F,54,49,44,147,5,17,64,86
7366,M,68,56,76,200,66,95,95,256
7367,M,51,52,50,153,64,44,51,159
7368,M,46,49,42,137,40,40,8,88
7369,F,59,47,60,166,51,25,83,159
7370,M,47,42,44,133,29,14,46,89
7371,M,49,60,52,161,70,59,62,191
7372,M,53,70,44,167,75,91,16,182
7373,M,67,62,74,203,84,3,91,178
7374,M,66,65,53,184,36,59,22,117
7375,M,61,60,57,178,51,83,64,198
7376,M,64,62,58,184,97,69,76,242
7377,F,54,62,53,169,81,72,2,155
7378,M,66,73,74,213,91,81,79,251
7379,F,59,58,50,167,61,59,64,184
7380,F,54,65,54,173,46,31,45,122
7381,F,63,58,72,193,70,93,86,249
7382,F,69,77,59,205,73,77,51,201
7383,F,45,62,48,155,53,39,33,125
7384,F,61,54,53,168,59,76,75,210
7385,F,53,56,62,171,75,17,67,159
7386,F,61,62,58,181,42,64,67,173
7387,F,59,67,58,184,2,13,83,98
7388,M,50,56,48,154,47,60,38,145
7389,M,59,56,44,159,6,4,27,37
7390,M,65,67,70,202,99,75,86,260
7391,M,57,65,70,192,61,53,90,204
7392,M,52,55,68,175,77,54,78,209
7393,F,74,73,78,225,98,97,99,294
7394,F,56,67,57,180,43,49,59,151
7395,F,69,62,78,209,81,77,92,250
7396,M,69,62,74,205,74,80,95,249
7397,F,60,62,82,204,78,54,86,218
7398,M,71,77,90,238,85,77,97,259
7399,F,56,47,65,168,21,5,84,110
7400,F,56,56,52,164,45,50,28,123
7401,M,66,60,74,200,82,91,88,261
7402,F,61,60,67,188,31,10,57,98
7403,M,67,62,34,163,59,69,1,129
7404,M,74,60,62,196,88,74,76,238
7405,M,61,62,54,177,28,48,70,146
7406,M,49,54,57,160,50,12,51,113
7407,F,74,73,68,215,62,86,61,209
7408,M,66,58,58,182,73,89,91,253
7409,M,66,73,62,201,77,15,53,145
7410,M,64,67,76,207,62,37,74,173
7411,M,64,70,78,212,70,84,84,238
7412,M,87,82,74,243,83,89,87,259
7413,M,69,70,64,203,88,83,75,246
7414,M,54,56,64,174,86,99,90,275
7415,M,69,70,72,211,87,88,99,274
7416,M,45,49,50,144,63,32,64,159
7417,F,61,65,76,202,69,86,90,245
7418,M,66,82,72,220,66,95,85,246
7419,F,68,77,85,230,89,94,93,276
7420,F,69,70,60,199,82,87,75,244
7421,F,69,70,72,211,40,86,84,210
7422,M,87,70,76,233,88,51,87,226
7423,M,48,41,44,133,17,31,48,96
7424,M,62,58,60,180,62,80,81,223
7425,M,64,54,74,192,95,95,83,273
7426,M,63,56,59,178,3,77,54,134
7427,M,58,56,49,163,71,10,61,142
7428,F,61,58,49,168,20,52,15,87
7429,M,74,70,55,199,87,94,26,207
7430,F,64,58,70,192,82,16,78,176
7431,M,52,53,50,155,55,23,41,119
7432,F,77,60,74,211,86,94,90,270
7433,F,54,51,62,167,56,5,76,137
7434,M,50,55,52,157,50,16,56,122
7435,M,63,58,62,183,74,79,89,242
7436,M,66,62,55,183,88,89,86,263
7437,F,71,58,55,184,96,82,72,250
7438,M,58,60,60,178,87,32,79,198
7439,M,64,70,80,214,94,99,95,288
7440,M,51,54,49,154,76,53,62,191
7441,M,60,67,54,181,43,33,28,104
7442,F,64,62,49,175,69,61,9,139
7443,F,50,53,43,146,22,18,18,58
7444,M,74,77,72,223,73,93,84,250
7445,F,49,52,46,147,28,14,60,102
7446,F,65,60,60,185,72,91,91,254
7447,F,65,67,74,206,96,97,82,275
7448,F,61,56,55,172,53,63,79,195
7449,M,56,60,46,162,84,61,41,186
7450,F,74,82,59,215,80,90,81,251
7451,M,68,77,100,245,97,93,100,290
7452,M,52,49,46,147,17,38,57,112
7453,M,60,64,59,183,66,89,70,225
7454,F,61,56,53,170,46,16,64,126
7455,M,69,58,72,199,96,95,87,278
7456,M,53,55,76,184,78,82,88,248
7457,M,53,46,50,149,25,80,30,135
7458,M,61,48,60,169,47,58,80,185
7459,M,67,60,62,189,80,85,85,250
7460,M,77,77,82,236,98,96,94,288
7461,F,57,64,53,174,88,73,80,241
7462,M,64,62,58,184,84,89,81,254
7463,F,66,62,57,185,87,78,39,204
7464,M,49,50,40,139,23,3,55,81
7465,M,54,47,52,153,26,64,39,129
7466,F,69,64,53,186,47,66,30,143
7467,F,69,47,54,170,64,66,14,144
7468,F,57,70,46,173,75,21,52,148
7469,M,47,54,53,154,34,49,48,131
7470,F,72,77,55,204,90,91,76,257
7471,F,54,53,48,155,14,30,17,61
7472,M,69,70,58,197,64,98,65,227
7473,M,49,44,39,132,29,3,35,67
7474,F,58,70,65,193,33,82,84,199
7475,F,74,54,43,171,83,82,48,213
7476,M,71,67,46,184,88,87,78,253
7477,F,74,67,80,221,85,61,96,242
7478,M,53,43,42,138,64,78,71,213
7479,F,45,44,42,131,30,34,32,96
7480,M,68,65,49,182,91,81,73,245
7481,M,72,67,57,196,92,98,48,238
7482,M,74,65,76,215,95,10,80,185
7483,M,68,82,74,224,66,68,99,233
7484,M,67,67,90,224,87,85,93,265
7485,F,87,82,90,259,98,99,95,292
7486,M,63,60,60,183,76,86,63,225
7487,M,48,43,70,161,43,11,83,137
7488,M,53,58,53,164,34,57,40,131
7489,M,62,64,54,180,71,44,69,184
7490,F,81,82,100,263,97,91,97,285
7491,M,58,64,46,168,55,77,35,167
7492,M,62,60,78,200,70,57,85,212
7493,M,95,82,85,262,90,100,96,286
7494,F,69,52,76,197,100,95,99,294
7495,F,58,45,44,147,76,70,42,188
7496,M,71,67,78,216,98,93,99,290
7497,F,77,82,54,213,77,95,52,224
7498,M,52,40,52,144,16,12,35,63
7499,F,64,64,76,204,81,90,86,257
7500,M,77,70,95,242,94,90,94,278
7501,F,62,70,76,208,87,89,93,269
7502,M,52,56,54,162,65,28,28,121
7503,M,55,56,43,154,95,81,37,213
7504,M,47,60,52,159,34,37,35,106
7505,M,67,82,59,208,78,93,83,254
7506,M,54,56,38,148,33,41,33,107
7507,M,68,70,49,187,92,55,70,217
7508,M,48,56,50,154,30,44,65,139
7509,F,64,67,80,211,88,33,74,195
7510,M,74,90,95,259,100,97,96,293
7511,M,74,77,70,221,92,89,96,277
7512,F,60,58,55,173,95,80,33,208
7513,F,57,58,80,195,56,34,85,175
7514,F,61,62,64,187,84,90,85,259
7515,F,59,62,59,180,21,81,86,188
7516,M,74,77,90,241,100,92,92,284
7517,M,56,49,76,181,79,47,91,217
7518,M,60,60,65,185,74,86,77,237
7519,M,50,53,55,158,5,49,64,118
7520,F,68,65,53,186,44,85,48,177
7521,M,71,82,67,220,78,80,87,245
7522,F,61,60,62,183,65,86,82,233
7523,F,56,62,60,178,4,42,39,85
7524,M,59,67,54,180,59,33,75,167
7525,F,56,58,38,152,85,81,15,181
7526,F,55,52,49,156,8,53,55,116
7527,F,74,60,62,196,97,77,82,256
7528,F,67,67,78,212,29,22,82,133
7529,M,64,70,72,206,60,69,79,208
7530,M,46,47,42,135,45,17,33,95
7531,M,53,58,40,151,62,42,14,118
7532,F,50,47,72,169,21,67,68,156
7533,M,41,43,44,128,13,13,50,76
7534,F,52,49,57,158,21,41,8,70
7535,F,57,58,53,168,47,77,52,176
7536,F,69,58,68,195,55,70,86,211
7537,M,66,65,57,188,88,98,69,255
7538,F,66,62,80,208,80,85,90,255
7539,F,62,60,52,174,31,51,49,131
7540,M,51,48,53,152,7,68,76,151
7541,M,68,70,76,214,95,1,89,185
7542,F,71,56,85,212,67,40,96,203
7543,M,52,56,59,167,11,48,66,125
7544,M,66,65,50,181,81,87,85,253
7545,M,48,55,50,153,67,6,27,100
7546,M,63,77,95,235,97,62,88,247
7547,M,55,64,58,177,8,14,89,111
7548,M,69,60,55,184,96,80,67,243
7549,F,43,50,40,133,10,6,17,33
7550,M,67,54,50,171,87,77,78,242
7551,F,53,56,50,159,54,51,38,143
7552,M,71,77,85,233,48,97,98,243
7553,M,56,62,64,182,76,40,69,185
7554,M,54,53,55,162,76,68,49,193
7555,M,48,47,50,145,68,78,48,194
7556,M,60,51,64,175,56,73,75,204
7557,M,64,50,64,178,94,71,64,229
7558,M,63,54,57,174,73,75,64,212
7559,F,69,54,60,183,95,91,79,265
7560,M,60,58,59,177,58,64,52,174
7561,M,60,73,67,200,83,81,87,251
7562,M,67,60,48,175,83,82,70,235
7563,M,74,70,85,229,89,91,94,274
7564,F,68,77,95,240,98,92,95,285
7565,F,56,53,52,161,64,35,70,169
7566,M,57,62,52,171,68,65,31,164
7567,M,64,70,55,189,96,33,57,186
7568,F,62,58,52,172,79,21,81,181
7569,M,68,56,67,191,96,55,71,222
7570,M,59,58,50,167,79,67,78,224
7571,F,47,58,55,160,39,67,60,166
7572,F,69,70,68,207,90,80,83,253
7573,F,50,51,50,151,36,45,59,140
7574,M,67,70,59,196,59,82,70,211
7575,M,71,77,53,201,96,94,58,248
7576,F,71,67,60,198,99,95,79,273
7577,F,46,58,48,152,58,88,41,187
7578,M,60,60,67,187,76,63,87,226
7579,M,61,58,72,191,74,68,84,226
7580,M,58,52,52,162,54,9,64,127
7581,F,72,62,53,187,97,86,82,265
7582,F,52,53,38,143,3,8,40,51
7583,F,59,51,48,158,67,53,34,154
7584,M,60,56,54,170,70,67,63,200
7585,F,67,82,82,231,95,95,97,287
7586,F,67,67,54,188,85,70,13,168
7587,M,57,62,50,169,36,21,13,70
7588,M,47,60,44,151,17,51,55,123
7589,F,67,73,43,183,77,35,8,120
7590,M,54,53,57,164,25,2,61,88
7591,F,47,44,58,149,19,10,49,78
7592,M,71,67,64,202,84,82,82,248
7593,M,56,60,49,165,43,72,37,152
7594,M,69,70,54,193,37,10,93,140
7595,M,53,58,64,175,64,6,34,104
7596,M,58,55,53,166,69,46,70,185
7597,M,56,62,85,203,86,88,98,272
7598,M,62,47,46,155,3,44,42,89
7599,M,69,65,72,206,64,87,83,234
7600,M,66,53,52,171,55,14,51,120
7601,F,64,65,60,189,69,57,79,205
7602,M,55,54,34,143,76,5,12,93
7603,M,62,53,42,157,52,10,67,129
7604,M,71,77,72,220,92,96,90,278
7605,F,77,73,85,235,94,95,90,279
7606,M,56,65,57,178,6,20,80,106
7607,M,54,49,40,143,1,11,68,80
7608,M,64,82,57,203,73,74,84,231
7609,F,57,55,52,164,48,69,47,164
7610,M,61,56,76,193,96,63,91,250
7611,M,75,70,85,230,93,98,90,281
7612,M,50,47,62,159,35,11,86,132
7613,F,56,65,54,175,40,24,75,139
7614,M,55,60,52,167,89,94,38,221
7615,M,60,73,57,190,72,73,72,217
7616,F,66,58,55,179,99,91,56,246
7617,F,56,56,43,155,63,70,35,168
7618,F,54,56,49,159,50,15,87,152
7619,M,56,51,62,169,36,82,71,189
7620,M,56,70,82,208,97,99,97,293
7621,F,57,70,49,176,81,80,19,180
7622,M,62,54,43,159,36,30,43,109
7623,M,66,62,62,190,25,43,75,143
7624,F,81,70,67,218,82,88,94,264
7625,M,69,70,90,229,96,90,96,282
7626,F,61,56,48,165,61,94,67,222
7627,M,61,70,72,203,75,66,90,231
7628,M,67,64,68,199,42,74,80,196
7629,F,74,77,90,241,34,64,100,198
7630,F,47,56,50,153,20,21,51,92
7631,F,48,47,52,147,14,43,42,99
7632,F,54,58,55,167,50,61,21,132
7633,M,87,70,62,219,10,8,72,90
7634,M,66,62,43,171,81,29,70,180
7635,F,65,62,48,175,84,62,54,200
7636,F,65,62,68,195,51,47,82,180
7637,M,46,53,60,159,41,42,73,156
7638,M,72,73,80,225,94,91,89,274
7639,M,75,64,62,201,87,88,87,262
7640,M,65,64,43,172,76,62,45,183
7641,M,66,58,49,173,84,85,70,239
7642,M,38,50,54,142,58,39,51,148
7643,M,77,77,85,239,82,89,94,265
7644,M,67,60,67,194,23,25,83,131
7645,M,65,67,65,197,73,86,73,232
7646,F,50,53,52,155,57,54,71,182
7647,M,78,70,72,220,61,87,85,233
7648,M,81,77,85,243,70,89,90,249
7649,F,71,67,74,212,55,27,88,170
7650,F,71,65,80,216,84,82,91,257
7651,M,45,44,54,143,44,9,74,127
7652,F,62,70,60,192,78,95,88,261
7653,M,64,60,57,181,41,78,85,204
7654,M,50,53,48,151,25,40,47,112
7655,F,55,54,60,169,93,74,76,243
7656,M,64,73,46,183,20,78,53,151
7657,M,41,45,52,138,46,37,49,132
7658,M,40,42,40,122,12,55,10,77
7659,M,59,55,65,179,96,80,91,267
7660,F,60,70,64,194,94,87,76,257
7661,M,45,56,55,156,64,46,51,161
7662,F,48,49,44,141,15,16,5,36
7663,F,66,62,68,196,75,77,80,232
7664,F,54,49,57,160,36,75,53,164
7665,M,68,67,82,217,96,94,98,288
7666,F,48,53,42,143,24,10,43,77
7667,F,57,65,54,176,64,54,75,193
7668,F,67,64,62,193,67,93,77,237
7669,M,87,82,85,254,98,99,96,293
7670,M,57,56,72,185,52,80,77,209
7671,F,62,82,62,206,72,59,77,208
7672,M,51,58,44,153,45,11,39,95
7673,F,60,58,74,192,29,11,73,113
7674,F,66,67,76,209,62,39,92,193
7675,M,53,52,65,170,60,52,71,183
7676,M,66,77,78,221,98,96,88,282
7677,M,71,67,74,212,93,86,90,269
7678,M,64,55,67,186,54,34,91,179
7679,F,56,65,60,181,70,54,72,196
7680,M,43,50,54,147,4,12,27,43
7681,F,61,73,64,198,96,77,73,246
7682,M,67,56,44,167,78,26,44,148
7683,F,64,60,59,183,19,92,87,198
7684,M,66,70,74,210,26,40,96,162
7685,M,87,82,82,251,88,98,98,284
7686,F,59,56,72,187,88,85,82,255
7687,M,61,77,82,220,98,99,90,287
7688,F,62,60,90,212,54,82,99,235
7689,F,65,68,78,211,80,84,93,257
7690,M,64,90,90,244,89,96,100,285
7691,M,52,51,42,145,71,26,53,150
7692,F,81,70,64,215,93,89,89,271
7693,M,71,62,95,228,82,96,98,276
7694,F,75,67,65,207,72,83,83,238
7695,M,69,64,68,201,54,96,82,232
7696,F,58,62,57,177,72,35,46,153
7697,M,66,73,70,209,74,95,82,251
7698,M,74,70,58,202,99,75,93,267
7699,M,47,40,49,136,12,23,29,64
7700,M,60,55,49,164,50,21,72,143
7701,M,71,77,57,205,91,86,47,224
7702,M,59,62,64,185,60,75,82,217
7703,M,43,56,49,148,43,25,8,76
7704,F,53,64,58,175,80,73,65,218
7705,M,77,73,57,207,98,97,80,275
7706,F,41,47,54,142,10,30,38,78
7707,F,61,44,44,149,60,11,27,98
7708,M,65,100,72,237,91,84,86,261
7709,F,54,58,42,154,87,71,22,180
7710,M,78,73,80,231,99,92,96,287
7711,F,56,56,54,166,2,7,75,84
7712,M,77,91,70,238,97,85,96,278
7713,F,58,60,54,172,25,73,58,156
7714,F,64,62,74,200,87,88,74,249
7715,F,56,70,76,202,83,78,93,254
7716,M,60,64,74,198,72,51,92,215
7717,F,62,60,64,186,56,41,50,147
7718,M,64,67,49,180,86,94,75,255
7719,M,49,62,65,176,69,48,84,201
7720,M,53,62,62,177,1,5,2,8
7721,M,57,62,48,167,83,88,83,254
7722,M,60,64,82,206,49,74,89,212
7723,M,56,65,58,179,88,77,81,246
7724,M,81,62,68,211,88,62,83,233
7725,F,45,52,53,150,72,52,46,170
7726,M,62,62,57,181,81,80,80,241
7727,M,56,53,43,152,59,31,57,147
7728,F,59,60,62,181,72,52,69,193
7729,M,66,65,64,195,86,95,79,260
7730,M,55,56,64,175,62,55,86,203
7731,M,55,58,65,178,51,36,75,162
7732,M,49,60,53,162,65,84,35,184
7733,M,77,73,80,230,92,92,91,275
7734,F,77,73,80,230,98,96,92,286
7735,M,66,67,60,193,63,65,67,195
7736,M,56,52,44,152,89,96,9,194
7737,M,56,53,39,148,24,41,51,116
7738,M,58,56,50,164,41,71,62,174
7739,F,54,56,44,154,67,71,35,173
7740,F,57,60,65,182,54,10,78,142
7741,F,58,65,54,177,74,72,66,212
7742,M,57,56,46,159,3,13,43,59
7743,M,56,49,49,154,67,37,40,144
7744,M,64,77,67,208,36,28,84,148
7745,F,64,67,72,203,70,45,71,186
7746,M,53,56,57,166,39,32,73,144
7747,M,86,73,74,233,100,87,92,279
7748,F,64,62,52,178,24,56,29,109
7749,F,49,56,57,162,17,33,36,86
7750,F,53,52,53,158,37,5,48,90
7751,M,56,70,52,178,81,83,64,228
7752,M,57,46,55,158,37,23,65,125
7753,M,57,58,67,182,99,57,88,244
7754,M,64,58,54,176,78,61,71,210
7755,M,64,62,57,183,93,73,82,248
7756,M,49,60,53,162,58,85,67,210
7757,F,59,62,54,175,4,30,73,107
7758,F,60,51,58,169,65,73,85,223
7759,F,63,62,54,179,96,30,65,191
7760,M,60,62,50,172,79,35,72,186
7761,M,77,77,64,218,95,100,84,279
7762,F,43,52,46,141,35,44,64,143
7763,F,69,50,49,168,78,76,73,227
7764,M,63,67,44,174,54,69,10,133
7765,M,56,60,65,181,93,79,93,265
7766,M,38,41,44,123,3,18,22,43
7767,M,60,60,46,166,64,69,48,181
7768,M,64,65,62,191,45,21,65,131
7769,F,66,77,74,217,98,79,98,275
7770,M,74,77,72,223,97,98,94,289
7771,F,72,82,76,230,77,81,84,242
7772,M,51,50,44,145,63,68,6,137
7773,F,69,64,72,205,51,52,82,185
7774,M,54,62,53,169,24,69,58,151
7775,M,60,46,54,160,31,61,84,176
7776,F,64,62,82,208,96,71,93,260
7777,F,58,60,46,164,93,75,69,237
7778,F,38,39,46,123,4,5,54,63
7779,M,64,73,59,196,97,93,92,282
7780,M,64,54,52,170,43,35,82,160
7781,M,56,58,48,162,67,33,22,122
7782,F,58,58,72,188,94,66,78,238
7783,F,66,60,57,183,84,7,55,146
7784,F,60,64,68,192,88,80,90,258
7785,M,52,49,54,155,83,66,68,217
7786,M,73,70,68,211,81,100,88,269
7787,F,77,62,82,221,99,99,94,292
7788,F,64,60,58,182,97,53,71,221
7789,F,87,82,95,264,85,86,97,268
7790,M,45,40,48,133,15,23,77,115
7791,F,62,62,64,188,92,40,86,218
7792,F,62,67,62,191,55,90,94,239
7793,F,59,53,74,186,59,82,74,215
7794,F,63,60,50,173,100,40,65,205
7795,F,56,56,52,164,73,71,82,226
7796,F,75,70,74,219,96,94,95,285
7797,M,86,77,76,239,100,99,96,295
7798,F,59,54,48,161,55,52,61,168
7799,F,74,67,65,206,66,76,93,235
7800,F,60,65,72,197,86,94,81,261
7801,M,56,62,46,164,58,74,71,203
7802,M,64,60,58,182,81,58,75,214
7803,M,61,58,74,193,54,75,85,214
7804,M,74,91,76,241,90,92,99,281
7805,F,71,82,80,233,96,97,86,279
7806,F,66,62,76,204,80,91,92,263
7807,M,67,68,65,200,14,76,67,157
7808,F,81,77,64,222,76,90,80,246
7809,M,66,62,67,195,65,78,76,219
7810,M,71,70,59,200,87,93,72,252
7811,F,64,56,80,200,94,81,91,266
7812,M,65,60,67,192,49,19,78,146
7813,F,54,49,48,151,45,35,60,140
7814,F,72,64,72,208,70,84,83,237
7815,M,71,70,82,223,89,87,95,271
7816,F,61,62,62,185,13,51,67,131
7817,M,50,55,67,172,53,69,84,206
7818,M,74,82,95,251,94,100,96,290
7819,F,62,56,68,186,84,54,86,224
7820,F,61,54,59,174,56,42,4,102
7821,M,66,67,82,215,73,73,99,245
7822,M,59,49,67,175,75,75,94,244
7823,M,56,51,46,153,75,42,79,196
7824,M,51,52,58,161,36,28,68,132
7825,F,66,70,82,218,88,78,98,264
7826,M,56,51,43,150,48,83,13,144
7827,M,56,54,46,156,23,78,54,155
7828,F,66,67,55,188,63,80,80,223
7829,M,66,67,72,205,85,54,85,224
7830,F,75,73,74,222,97,74,88,259
7831,M,78,82,78,238,97,98,100,295
7832,M,71,73,65,209,50,93,70,213
7833,F,74,77,85,236,99,95,98,292
7834,F,74,77,68,219,88,87,73,248
7835,F,77,82,72,231,94,97,92,283
7836,F,81,58,82,221,45,37,88,170
7837,M,66,62,53,181,84,97,84,265
7838,M,43,41,64,148,29,17,87,133
7839,F,67,62,64,193,72,22,71,165
7840,F,54,53,55,162,34,8,64,106
7841,F,66,60,70,196,78,74,81,233
7842,M,52,49,43,144,70,34,46,150
7843,M,77,73,60,210,82,98,83,263
7844,M,53,50,53,156,70,29,39,138
7845,M,63,70,62,195,92,77,82,251
7846,F,55,56,52,163,69,57,51,177
7847,M,74,77,82,233,92,82,96,270
7848,M,56,54,53,163,41,59,74,174
7849,F,56,62,53,171,4,48,70,122
7850,M,71,77,72,220,97,95,91,283
7851,F,58,67,46,171,92,18,70,180
7852,F,65,64,74,203,81,79,99,259
7853,M,49,50,40,139,40,6,40,86
7854,F,64,60,53,177,69,91,73,233
7855,F,53,48,48,149,18,20,8,46
7856,M,61,62,60,183,94,97,88,279
7857,F,77,60,46,183,71,56,53,180
7858,M,62,67,68,197,58,30,63,151
7859,F,66,60,52,178,65,74,26,165
7860,F,60,62,58,180,81,93,62,236
7861,M,63,60,65,188,93,81,74,248
7862,M,50,47,46,143,27,3,30,60
7863,M,35,43,50,128,11,3,44,58
7864,F,43,48,40,131,33,22,4,59
7865,M,65,62,55,182,67,64,46,177
7866,M,53,56,55,164,36,22,84,142
7867,F,86,77,70,233,96,87,96,279
7868,M,50,55,48,153,54,9,66,129
7869,M,56,60,57,173,71,65,86,222
7870,M,62,62,57,181,86,8,83,177
7871,F,62,67,65,194,83,89,84,256
7872,M,63,64,62,189,75,82,68,225
7873,M,74,82,85,241,96,100,100,296
7874,M,56,56,46,158,16,64,25,105
7875,F,74,51,50,175,41,9,46,96
7876,F,66,77,90,233,47,96,97,240
7877,F,66,67,55,188,99,90,74,263
7878,M,71,77,59,207,80,79,76,235
7879,F,77,70,67,214,82,88,76,246
7880,M,75,64,53,192,44,1,74,119
7881,F,61,70,62,193,79,89,80,248
7882,M,68,73,67,208,98,92,93,283
7883,F,52,47,49,148,31,23,27,81
7884,M,69,70,57,196,86,92,79,257
7885,F,51,44,40,135,19,11,24,54
7886,M,61,55,58,174,31,28,13,72
7887,M,56,67,52,175,83,18,67,168
7888,M,56,49,58,163,74,15,77,166
7889,M,68,65,55,188,51,22,60,133
7890,M,62,54,64,180,7,93,63,163
7891,M,48,65,39,152,70,62,34,166
7892,M,53,52,49,154,68,27,69,164
7893,F,50,60,57,167,13,49,12,74
7894,M,62,46,52,160,81,65,33,179
7895,M,69,77,74,220,97,100,91,288
7896,F,50,50,48,148,90,80,75,245
7897,F,49,60,54,163,61,56,54,171
7898,F,53,58,53,164,25,2,41,68
7899,F,54,45,48,147,26,7,67,100
7900,M,52,51,48,151,10,41,69,120
7901,F,81,70,90,241,85,40,96,221
7902,F,64,43,62,169,3,2,70,75
7903,F,66,60,76,202,84,68,86,238
7904,F,54,55,58,167,52,30,69,151
7905,F,58,58,76,192,85,42,77,204
7906,F,55,56,78,189,87,72,76,235
7907,F,56,64,59,179,74,69,68,211
7908,F,64,67,80,211,62,77,89,228
7909,F,72,60,72,204,42,47,83,172
7910,F,77,62,85,224,90,60,86,236
7911,F,51,46,55,152,13,37,40,90
7912,F,77,67,70,214,84,9,87,180
7913,M,56,67,67,190,44,82,90,216
7914,M,56,67,70,193,73,84,90,247
7915,M,64,65,59,188,63,62,22,147
7916,M,46,45,65,156,47,18,78,143
7917,F,56,60,49,165,31,62,83,176
7918,F,66,62,82,210,80,88,81,249
7919,M,52,55,46,153,82,76,49,207
7920,F,53,58,50,161,35,65,77,177
7921,F,55,62,50,167,39,45,64,148
7922,M,64,82,60,206,59,4,62,125
7923,M,60,49,52,161,57,64,36,157
7924,F,42,50,42,134,17,51,37,105
7925,F,77,77,70,224,99,59,33,191
7926,M,56,58,43,157,40,52,68,160
7927,M,67,58,76,201,91,49,83,223
7928,F,49,50,52,151,2,6,67,75
7929,M,49,44,59,152,34,70,44,148
7930,F,64,60,70,194,64,81,86,231
7931,M,69,73,64,206,56,36,84,176
7932,M,55,52,52,159,53,65,72,190
7933,F,86,73,76,235,91,83,83,257
7934,F,77,65,76,218,63,85,92,240
7935,M,44,35,43,122,15,25,16,56
7936,M,64,62,44,170,78,63,41,182
7937,F,62,65,59,186,84,92,87,263
7938,M,65,62,59,186,21,78,78,177
7939,M,49,46,48,143,56,65,71,192
7940,M,69,73,95,237,90,100,96,286
7941,F,59,62,53,174,4,15,44,63
7942,M,54,60,52,166,43,43,5,91
7943,M,54,58,60,172,44,38,69,151
7944,M,61,62,67,190,90,70,81,241
7945,M,61,58,59,178,80,88,77,245
7946,M,75,77,90,242,100,98,100,298
7947,M,48,53,44,145,22,31,48,101
7948,F,74,73,90,237,85,61,93,239
7949,M,77,77,82,236,69,82,91,242
7950,M,58,62,74,194,71,84,78,233
7951,M,64,60,59,183,14,44,75,133
7952,M,62,67,55,184,46,91,74,211
7953,M,62,58,68,188,51,79,80,210
7954,F,54,51,68,173,58,39,67,164
7955,F,64,58,65,187,98,89,80,267
7956,M,57,56,43,156,42,64,42,148
7957,F,68,67,70,205,27,88,92,207
7958,F,55,58,53,166,56,52,53,161
7959,M,69,64,76,209,94,53,82,229
7960,M,59,58,52,169,52,88,59,199
7961,F,65,67,85,217,99,91,94,284
7962,M,68,73,50,191,90,64,74,228
7963,F,56,56,54,166,73,50,57,180
7964,F,55,46,40,141,24,14,44,82
7965,M,68,62,53,183,26,87,41,154
7966,M,55,56,49,160,72,9,16,97
7967,M,41,53,52,146,66,74,60,200
7968,F,66,62,74,202,77,39,87,203
7969,F,59,52,50,161,52,30,34,116
7970,F,55,50,52,157,67,76,77,220
7971,F,69,64,70,203,94,91,91,276
7972,M,74,67,76,217,91,78,93,262
7973,F,56,56,50,162,52,39,16,107
7974,M,61,56,54,171,40,63,62,165
7975,M,64,62,72,198,100,100,80,280
7976,M,69,70,95,234,100,80,96,276
7977,F,47,54,49,150,24,63,36,123
7978,F,74,77,76,227,91,96,94,281
7979,M,64,70,67,201,33,54,88,175
7980,F,53,54,50,157,3,20,67,90
7981,M,58,50,58,166,37,60,80,177
7982,F,53,56,67,176,61,68,72,201
7983,M,59,58,58,175,61,10,73,144
7984,M,57,60,50,167,88,60,85,233
7985,F,82,77,70,229,96,86,84,266
7986,F,75,73,95,243,86,100,97,283
7987,M,64,73,57,194,70,75,47,192
7988,M,61,60,70,191,67,92,83,242
7989,F,81,64,72,217,76,93,91,260
7990,F,65,62,65,192,98,72,81,251
7991,F,74,65,67,206,97,88,74,259
7992,M,55,58,52,165,45,61,69,175
7993,M,60,60,65,185,74,41,73,188
7994,F,58,64,74,196,88,72,81,241
7995,M,66,62,65,193,70,68,93,231
7996,M,69,64,78,211,99,98,98,295
7997,M,40,42,40,122,10,14,27,51
7998,M,74,77,82,233,69,87,94,250
7999,M,75,82,85,242,87,88,96,271
8000,M,51,48,74,173,39,44,83,166
8001,M,53,58,62,173,63,57,79,199
8002,M,53,53,76,182,92,76,77,245
8003,M,68,67,78,213,68,89,92,249
8004,M,52,58,72,182,64,25,80,169
8005,F,69,73,90,232,96,88,99,283
8006,M,60,51,76,187,86,79,94,259
8007,M,71,73,78,222,94,66,93,253
8008,M,71,70,82,223,96,56,77,229
8009,M,71,73,90,234,84,78,100,262
8010,M,58,58,70,186,49,82,78,209
8011,M,74,67,58,199,96,86,71,253
8012,F,54,55,48,157,55,30,54,139
8013,M,64,73,55,192,68,91,75,234
8014,F,78,82,82,242,89,92,96,277
8015,F,69,67,55,191,95,92,91,278
8016,M,69,70,95,234,99,80,97,276
8017,M,50,60,48,158,41,30,55,126
8018,F,67,62,53,182,65,55,41,161
8019,M,64,62,68,194,77,95,86,258
8020,F,60,56,72,188,87,87,90,264
8021,F,53,44,60,157,44,45,82,171
8022,F,59,62,80,201,38,79,85,202
8023,F,81,62,90,233,86,88,99,273
8024,F,75,77,85,237,78,93,92,263
8025,M,60,67,59,186,55,20,48,123
8026,M,57,58,55,170,46,54,34,134
8027,F,57,65,60,182,51,84,65,200
8028,M,49,60,49,158,59,31,19,109
8029,M,67,70,64,201,44,70,80,194
8030,M,61,77,72,210,92,74,87,253
8031,F,62,73,65,200,80,65,82,227
8032,F,60,62,68,190,65,21,81,167
8033,F,61,65,52,178,78,88,72,238
8034,F,78,73,64,215,98,99,81,278
8035,F,46,47,58,151,1,3,17,21
8036,F,52,55,55,162,35,34,54,123
8037,F,45,46,40,131,3,18,7,28
8038,M,69,77,62,208,91,89,79,259
8039,F,66,58,59,183,63,81,55,199
8040,M,47,50,46,143,8,44,13,65
8041,M,82,90,85,257,100,99,96,295
8042,M,64,65,57,186,77,38,72,187
8043,F,61,65,76,202,67,81,99,247
8044,M,68,60,52,180,51,34,59,144
8045,M,56,58,53,167,12,18,53,83
8046,F,81,77,80,238,98,93,92,283
8047,M,49,48,40,137,19,41,33,93
8048,M,52,47,58,157,25,21,61,107
8049,M,45,41,40,126,5,11,43,59
8050,M,67,67,58,192,54,65,82,201
8051,M,60,65,49,174,79,24,63,166
8052,F,71,73,62,206,87,87,74,248
8053,M,67,50,57,174,57,76,61,194
8054,M,57,57,55,169,75,74,73,222
8055,F,62,60,64,186,73,74,69,216
8056,F,67,60,62,189,55,24,71,150
8057,F,56,58,59,173,74,88,72,234
8058,M,58,77,60,195,50,90,72,212
8059,M,55,67,49,171,52,42,73,167
8060,F,58,50,46,154,72,63,71,206
8061,F,59,58,40,157,50,43,4,97
8062,M,67,70,60,197,98,44,95,237
8063,M,69,62,46,177,80,86,26,192
8064,F,64,60,76,200,65,60,76,201
8065,F,57,60,53,170,70,41,64,175
8066,F,60,64,54,178,23,34,66,123
8067,F,48,51,42,141,77,60,49,186
8068,M,77,67,95,239,92,81,98,271
8069,F,61,58,70,189,68,95,88,251
8070,M,65,70,44,179,21,92,55,168
8071,M,57,67,50,174,12,12,26,50
8072,M,66,64,60,190,99,94,76,269
8073,M,64,62,49,175,46,34,29,109
8074,M,65,67,68,200,92,12,94,198
8075,M,38,52,43,133,46,53,32,131
8076,F,58,56,70,184,87,69,78,234
8077,M,72,56,65,193,81,79,80,240
8078,M,62,60,85,207,79,3,97,179
8079,M,58,67,64,189,25,51,81,157
8080,M,53,54,49,156,31,58,27,116
8081,M,59,67,54,180,62,89,65,216
8082,M,64,67,48,179,75,74,34,183
8083,M,50,60,52,162,75,61,39,175
8084,F,71,77,82,230,88,94,90,272
8085,M,64,60,54,178,74,83,53,210
8086,M,61,51,57,169,71,58,18,147
8087,M,68,77,80,225,98,86,96,280
8088,M,50,56,46,152,26,76,52,154
8089,M,64,70,62,196,60,91,87,238
8090,M,69,62,53,184,62,74,74,210
8091,M,27,40,44,111,11,16,39,66
8092,M,52,45,46,143,8,27,16,51
8093,F,61,77,65,203,20,54,54,128
8094,M,54,51,48,153,58,63,39,160
8095,F,64,67,52,183,100,93,66,259
8096,M,60,65,85,210,85,68,100,253
8097,M,66,77,95,238,69,95,98,262
8098,F,71,73,95,239,95,92,98,285
8099,F,58,60,53,171,34,38,28,100
8100,F,62,77,49,188,63,60,39,162
8101,F,66,70,62,198,43,44,28,115
8102,F,54,65,62,181,46,65,81,192
8103,F,51,58,55,164,30,51,80,161
8104,F,86,82,82,250,87,96,93,276
8105,F,53,44,53,150,36,7,72,115
8106,M,55,58,50,163,74,72,76,222
8107,M,54,77,46,177,52,74,73,199
8108,F,51,48,60,159,25,74,49,148
8109,M,78,82,82,242,94,93,98,285
8110,M,66,65,60,191,82,50,61,193
8111,M,54,58,55,167,52,44,76,172
8112,F,40,46,46,132,7,25,52,84
8113,M,45,56,53,154,37,9,17,63
8114,M,52,45,50,147,42,12,23,77
8115,M,54,56,50,160,40,21,37,98
8116,F,43,41,48,132,29,16,8,53
8117,M,51,54,50,155,59,57,71,187
8118,M,56,67,44,167,52,35,27,114
8119,F,87,77,80,244,97,81,92,270
8120,M,57,44,44,145,7,27,23,57
8121,M,74,62,70,206,96,98,85,279
8122,M,66,58,64,188,82,91,88,261
8123,F,69,55,65,189,71,48,55,174
8124,F,64,56,68,188,84,86,83,253
8125,F,71,73,74,218,96,96,99,291
8126,F,74,56,53,183,82,89,73,244
8127,F,52,45,43,140,7,34,2,43
8128,M,51,54,50,155,61,58,70,189
8129,M,51,54,58,163,85,80,63,228
8130,F,52,50,52,154,71,22,19,112
8131,M,60,58,85,203,47,31,95,173
8132,M,51,56,50,157,44,53,71,168
8133,F,67,70,62,199,92,94,81,267
8134,M,68,67,46,181,91,95,60,246
8135,M,48,53,60,161,16,9,84,109
8136,M,75,64,57,196,95,97,76,268
8137,F,61,54,59,174,85,61,79,225
8138,F,69,70,38,177,82,71,46,199
8139,M,43,53,49,145,2,27,2,31
8140,F,66,52,70,188,80,78,87,245
8141,M,62,65,59,186,98,94,88,280
8142,M,86,77,80,243,75,73,95,243
8143,M,66,60,78,204,90,64,91,245
8144,M,81,73,90,244,98,88,100,286
8145,M,78,67,65,210,88,95,79,262
8146,M,62,82,74,218,90,98,86,274
8147,M,48,53,64,165,47,54,72,173
8148,F,50,51,44,145,28,51,38,117
8149,F,77,70,54,201,95,90,41,226
8150,M,67,73,62,202,87,66,68,221
8151,M,55,58,60,173,75,38,86,199
8152,M,74,70,59,203,94,99,96,289
8153,M,78,73,74,225,85,92,82,259
8154,M,53,58,44,155,60,77,63,200
8155,M,63,73,57,193,48,72,75,195
8156,M,59,73,58,190,91,34,44,169
8157,F,68,55,76,199,81,80,98,259
8158,F,49,60,62,171,69,83,50,202
8159,M,52,53,65,170,2,15,87,104
8160,F,63,73,95,231,92,97,97,286
8161,F,64,60,70,194,82,70,94,246
8162,M,66,55,53,174,64,93,67,224
8163,M,74,62,52,188,99,88,66,253
8164,M,52,51,58,161,40,1,71,112
8165,F,57,49,53,159,14,79,50,143
8166,M,52,58,42,152,10,10,16,36
8167,F,63,82,70,215,98,91,92,281
8168,F,56,65,53,174,5,40,54,99
8169,F,71,82,90,243,92,98,98,288
8170,M,64,60,58,182,84,24,58,166
8171,F,61,58,53,172,26,62,63,151
8172,M,54,53,48,155,41,34,14,89
8173,F,50,58,52,160,78,32,56,166
8174,F,77,91,72,240,95,93,95,283
8175,M,56,56,49,161,39,36,28,103
8176,F,48,53,55,156,9,40,38,87
8177,F,58,56,55,169,78,78,89,245
8178,F,49,60,72,181,57,40,83,180
8179,M,57,60,48,165,69,79,71,219
8180,F,58,56,55,169,54,7,81,142
8181,F,69,64,49,182,69,88,77,234
8182,F,66,65,54,185,76,68,45,189
8183,M,54,51,57,162,44,48,29,121
8184,M,77,82,60,219,96,88,79,263
8185,M,71,67,70,208,85,93,88,266
8186,F,66,67,53,186,56,66,55,177
8187,M,57,57,53,167,59,71,78,208
8188,M,56,55,43,154,36,70,62,168
8189,M,61,64,70,195,69,35,83,187
8190,M,71,67,90,228,95,87,100,282
8191,M,69,70,76,215,99,43,96,238
8192,M,69,58,78,205,69,94,87,250
8193,M,69,82,90,241,99,96,95,290
8194,M,47,58,52,157,72,67,13,152
8195,F,62,65,65,192,58,18,80,156
8196,F,56,58,65,179,39,45,66,150
8197,M,57,58,72,187,95,89,91,275
8198,M,64,60,68,192,84,89,89,262
8199,F,69,70,68,207,86,98,92,276
8200,M,54,51,49,154,12,74,62,148
8201,F,56,55,46,157,2,3,65,70
8202,F,64,53,48,165,7,63,17,87
8203,M,57,58,44,159,76,36,78,190
8204,M,55,58,42,155,59,64,10,133
8205,F,68,58,78,204,81,89,86,256
8206,M,57,54,59,170,38,61,62,161
8207,M,60,55,55,170,59,75,67,201
8208,M,58,49,57,164,26,39,85,150
8209,F,45,58,46,149,38,41,17,96
8210,F,52,53,44,149,45,71,54,170
8211,M,81,73,78,232,89,88,88,265
8212,M,53,60,52,165,43,32,11,86
8213,M,43,51,43,137,49,67,16,132
8214,M,62,56,48,166,77,52,20,149
8215,F,53,56,48,157,83,80,40,203
8216,F,51,56,49,156,71,73,64,208
8217,F,77,73,78,228,97,78,86,261
8218,F,55,54,48,157,64,71,37,172
8219,M,50,43,50,143,33,3,61,97
8220,F,57,53,48,158,61,59,37,157
8221,F,51,46,44,141,33,25,30,88
8222,F,51,50,57,158,77,71,61,209
8223,F,58,58,48,164,71,90,65,226
8224,M,67,73,52,192,89,90,73,252
8225,M,64,82,74,220,99,90,91,280
8226,F,60,60,52,172,37,56,58,151
8227,M,78,56,46,180,81,49,59,189
8228,M,50,60,74,184,39,69,78,186
8229,M,75,73,85,233,82,92,98,272
8230,M,43,58,50,151,8,62,21,91
8231,M,66,65,80,211,82,65,76,223
8232,M,50,56,46,152,6,38,44,88
8233,F,56,65,48,169,67,5,75,147
8234,M,54,52,76,182,76,5,83,164
8235,F,51,52,65,168,49,65,79,193
8236,M,52,55,53,160,32,74,67,173
8237,M,64,52,64,180,64,12,65,141
8238,M,56,58,50,164,50,70,44,164
8239,F,60,62,68,190,71,57,91,219
8240,M,66,67,54,187,84,85,65,234
8241,M,55,64,48,167,85,76,46,207
8242,F,61,70,64,195,80,51,78,209
8243,F,77,82,58,217,66,8,90,164
8244,F,46,43,40,129,13,32,19,64
8245,F,49,54,57,160,28,46,75,149
8246,M,55,56,43,154,82,68,2,152
8247,M,52,62,54,168,67,17,79,163
8248,F,69,90,62,221,77,52,69,198
8249,F,74,77,60,211,99,98,89,286
8250,M,66,55,85,206,92,93,100,285
8251,F,95,77,80,252,96,71,96,263
8252,M,78,82,82,242,97,86,92,275
8253,F,54,58,62,174,24,87,95,206
8254,M,48,56,48,152,12,17,72,101
8255,M,54,47,48,149,36,34,37,107
8256,M,60,60,78,198,89,77,88,254
8257,M,69,64,85,218,83,65,96,244
8258,F,50,67,59,176,31,68,63,162
8259,F,67,60,65,192,87,31,77,195
8260,M,66,65,78,209,84,80,95,259
8261,M,54,55,52,161,76,69,74,219
8262,M,52,51,48,151,83,63,53,199
8263,M,58,77,76,211,99,86,94,279
8264,F,56,56,36,148,53,40,43,136
8265,F,60,60,53,173,63,7,80,150
8266,F,56,60,53,169,59,2,73,134
8267,F,71,60,72,203,81,20,85,186
8268,M,62,73,58,193,62,53,76,191
8269,M,66,73,78,217,93,95,90,278
8270,F,57,67,57,181,69,68,75,212
8271,F,42,46,39,127,13,9,39,61
8272,M,54,65,59,178,61,27,36,124
8273,M,81,82,90,253,65,81,95,241
8274,M,81,77,60,218,94,99,75,268
8275,F,62,65,68,195,55,83,77,215
8276,M,60,62,59,181,95,71,54,220
8277,F,45,50,55,150,34,58,58,150
8278,M,64,73,60,197,77,66,64,207
8279,M,62,64,72,198,90,75,89,254
8280,M,64,60,68,192,87,89,87,263
8281,M,68,65,54,187,93,37,75,205
8282,M,57,62,52,171,28,26,45,99
8283,M,45,48,50,143,35,38,41,114
8284,M,59,62,58,179,55,64,84,203
8285,F,57,52,53,162,26,50,54,130
8286,M,62,67,78,207,81,83,89,253
8287,F,63,54,52,169,53,41,74,168
8288,M,64,70,78,212,85,89,95,269
8289,M,63,70,78,211,88,95,97,280
8290,F,56,55,55,166,49,74,73,196
8291,F,59,58,49,166,19,17,2,38
8292,M,78,73,50,201,73,85,92,250
8293,M,57,58,38,153,46,12,10,68
8294,M,68,67,52,187,75,47,82,204
8295,F,58,58,70,186,76,35,80,191
8296,F,81,65,76,222,81,77,93,251
8297,M,54,51,53,158,21,48,68,137
8298,M,87,73,95,255,93,99,99,291
8299,M,62,62,57,181,96,77,75,248
8300,M,60,70,68,198,51,65,85,201
8301,M,62,58,70,190,64,54,85,203
8302,M,52,56,42,150,3,24,17,44
8303,M,69,67,95,231,98,100,97,295
8304,F,51,42,52,145,74,47,59,180
8305,M,68,60,90,218,86,77,93,256
8306,M,54,65,60,179,95,91,76,262
8307,F,65,66,62,193,74,71,89,234
8308,F,53,50,53,156,34,65,33,132
8309,M,71,60,74,205,82,59,89,230
8310,F,71,70,90,231,98,92,100,290
8311,F,66,77,80,223,90,43,98,231
8312,F,57,54,67,178,82,14,62,158
8313,M,61,60,70,191,3,18,84,105
8314,M,55,58,59,172,67,20,80,167
8315,M,64,60,80,204,82,91,91,264
8316,M,63,62,90,215,94,69,96,259
8317,M,53,54,58,165,34,85,70,189
8318,M,54,45,52,151,50,3,68,121
8319,F,64,70,64,198,68,39,65,172
8320,F,62,56,49,167,30,17,6,53
8321,M,55,52,43,150,53,48,52,153
8322,M,72,64,64,200,71,78,91,240
8323,M,56,62,44,162,18,92,52,162
8324,M,43,62,48,153,71,64,58,193
8325,F,56,48,49,153,50,51,66,167
8326,M,72,70,82,224,47,97,81,225
8327,F,95,77,76,248,91,83,88,262
8328,M,61,54,59,174,66,28,76,170
8329,M,81,73,80,234,96,100,97,293
8330,F,77,70,80,227,94,94,91,279
8331,M,56,62,70,188,44,58,62,164
8332,F,87,77,57,221,99,93,70,262
8333,M,66,62,85,213,96,80,89,265
8334,F,53,54,54,161,58,25,48,131
8335,M,68,70,60,198,77,80,75,232
8336,M,52,50,59,161,69,3,83,155
8337,M,68,82,95,245,82,90,98,270
8338,M,74,82,82,238,99,97,98,294
8339,M,57,73,58,188,23,49,76,148
8340,M,62,67,48,177,98,84,83,265
8341,M,69,65,74,208,52,88,90,230
8342,F,65,54,58,177,28,30,82,140
8343,F,49,48,46,143,30,69,49,148
8344,F,71,70,78,219,98,86,87,271
8345,M,69,70,90,229,94,100,91,285
8346,M,58,64,70,192,49,85,82,216
8347,M,60,67,57,184,75,72,61,208
8348,F,52,56,80,188,58,10,96,164
8349,M,74,67,85,226,100,99,95,294
8350,F,66,62,72,200,55,22,88,165
8351,M,71,70,80,221,42,88,96,226
8352,M,75,82,100,257,42,2,94,138
8353,M,59,53,49,161,55,64,35,154
8354,F,74,60,52,186,45,21,68,134
8355,M,64,73,60,197,60,74,79,213
8356,M,59,64,64,187,57,33,89,179
8357,M,77,73,68,218,87,85,93,265
8358,M,58,67,80,205,94,50,93,237
8359,F,58,53,64,175,48,22,69,139
8360,M,60,54,55,169,76,56,65,197
8361,M,47,46,44,137,17,33,36,86
8362,M,77,77,80,234,94,92,96,282
8363,M,87,77,80,244,97,85,97,279
8364,F,74,62,76,212,73,65,87,225
8365,F,60,56,53,169,11,61,43,115
8366,M,55,60,48,163,76,44,62,182
8367,F,58,52,80,190,100,52,92,244
8368,F,54,55,52,161,63,85,24,172
8369,F,66,73,67,206,73,76,78,227
8370,F,56,62,82,200,39,68,90,197
8371,M,77,82,90,249,97,96,97,290
8372,M,65,50,50,165,64,78,63,205
8373,F,74,62,90,226,93,94,98,285
8374,F,59,53,68,180,90,76,84,250
8375,F,59,67,62,188,76,76,84,236
8376,M,43,50,50,143,43,59,32,134
8377,F,54,55,48,157,23,19,34,76
8378,M,52,65,53,170,54,49,60,163
8379,F,60,62,58,180,76,94,90,260
8380,F,71,60,53,184,54,34,55,143
8381,M,64,58,82,204,78,18,99,195
8382,M,58,54,62,174,76,14,65,155
8383,M,75,67,68,210,97,73,79,249
8384,F,55,58,50,163,47,94,59,200
8385,F,53,50,59,162,52,38,69,159
8386,F,66,60,64,190,82,78,82,242
8387,F,78,67,62,207,100,99,74,273
8388,F,68,47,54,169,32,46,54,132
8389,F,56,60,52,168,17,54,54,125
8390,M,48,58,62,168,27,67,56,150
8391,M,57,62,58,177,89,90,66,245
8392,F,59,64,55,178,80,61,68,209
8393,M,48,43,48,139,34,14,24,72
8394,F,69,60,57,186,95,36,62,193
8395,M,58,62,76,196,57,11,86,154
8396,F,62,51,54,167,66,35,50,151
8397,F,49,37,53,139,12,32,31,75
8398,M,62,65,57,184,73,29,71,173
8399,F,61,60,62,183,100,76,73,249
8400,F,54,58,58,170,56,55,25,136
8401,F,58,58,50,166,60,88,77,225
8402,F,55,52,57,164,59,5,58,122
8403,M,56,55,50,161,74,72,68,214
8404,F,56,54,34,144,57,73,45,175
8405,F,49,60,50,159,10,25,76,111
8406,F,69,70,65,204,99,93,94,286
8407,F,71,54,58,183,79,93,65,237
8408,F,63,70,52,185,80,89,44,213
8409,M,54,51,39,144,52,79,31,162
8410,F,66,58,59,183,81,72,71,224
8411,F,62,56,49,167,67,12,46,125
8412,F,56,56,46,158,77,35,42,154
8413,F,60,55,65,180,56,39,95,190
8414,F,61,65,49,175,71,82,73,226
8415,F,69,65,48,182,82,46,24,152
8416,F,54,45,55,154,89,86,77,252
8417,F,71,82,48,201,84,90,89,263
8418,M,95,77,62,234,70,89,91,250
8419,M,71,70,90,231,73,69,90,232
8420,M,60,51,54,165,75,63,46,184
8421,F,59,51,46,156,62,74,67,203
8422,M,67,70,70,207,95,95,96,286
8423,M,52,62,59,173,39,33,56,128
8424,M,64,62,44,170,40,64,68,172
8425,M,68,65,55,188,41,87,80,208
8426,M,49,46,46,141,44,40,55,139
8427,F,74,70,59,203,98,89,77,264
8428,M,87,62,95,244,97,71,96,264
8429,F,71,70,85,226,98,58,93,249
8430,M,47,46,48,141,16,14,30,60
8431,F,57,60,59,176,55,92,77,224
8432,F,56,60,65,181,76,80,74,230
8433,M,69,64,70,203,70,80,82,232
8434,M,61,58,58,177,59,52,81,192
8435,M,63,60,78,201,57,85,91,233
8436,F,71,73,62,206,70,29,82,181
8437,F,43,45,55,143,17,45,55,117
8438,M,57,52,55,164,43,71,77,191
8439,F,68,65,100,233,42,8,98,148
8440,M,61,60,59,180,84,73,48,205
8441,M,66,65,62,193,93,36,76,205
8442,F,53,62,68,183,74,73,85,232
8443,M,61,70,58,189,86,70,75,231
8444,M,78,66,82,226,99,91,89,279
8445,M,52,53,59,164,42,75,55,172
8446,M,68,73,54,195,67,49,61,177
8447,F,62,70,68,200,93,70,91,254
8448,M,72,77,78,227,92,84,87,263
8449,M,52,50,49,151,40,55,3,98
8450,M,51,56,46,153,18,22,55,95
8451,F,50,47,44,141,48,47,45,140
8452,F,68,62,74,204,77,86,83,246
8453,M,43,39,43,125,21,13,10,44
8454,M,62,47,57,166,77,59,71,207
8455,M,66,70,82,218,43,80,89,212
8456,F,60,55,48,163,50,45,28,123
8457,M,56,73,58,187,7,33,43,83
8458,M,59,58,59,176,1,7,11,19
8459,M,69,82,80,231,14,19,81,114
8460,M,58,60,90,208,85,75,93,253
8461,M,57,58,43,158,81,33,44,158
8462,M,58,62,85,205,95,13,90,198
8463,M,54,56,55,165,71,75,82,228
8464,M,66,62,52,180,63,21,54,138
8465,M,57,47,49,153,13,22,56,91
8466,F,69,62,65,196,96,88,79,263
8467,M,43,43,52,138,2,6,38,46
8468,M,56,64,76,196,59,64,81,204
8469,M,66,60,68,194,46,52,87,185
8470,M,66,60,43,169,29,20,50,99
8471,M,72,73,85,230,65,70,94,229
8472,F,56,49,49,154,15,81,51,147
8473,M,58,62,74,194,86,64,97,247
8474,F,82,77,85,244,97,94,95,286
8475,M,68,62,64,194,99,82,74,255
8476,M,86,70,100,256,93,89,95,277
8477,M,60,55,46,161,72,55,69,196
8478,M,63,58,44,165,44,25,53,122
8479,M,75,82,90,247,100,99,100,299
8480,M,64,70,90,224,66,79,85,230
8481,M,60,64,53,177,75,70,78,223
8482,M,58,55,46,159,28,27,19,74
8483,M,58,64,46,168,53,56,63,172
8484,M,52,53,46,151,54,64,38,156
8485,M,77,77,68,222,92,85,89,266
8486,M,71,82,90,243,54,47,98,199
8487,M,75,67,55,197,93,98,87,278
8488,M,64,70,85,219,88,60,94,242
8489,M,77,77,60,214,99,88,80,267
8490,F,53,62,52,167,71,45,48,164
8491,M,66,67,67,200,19,35,83,137
8492,F,96,77,95,268,88,96,95,279
8493,M,60,56,53,169,6,25,62,93
8494,M,66,70,70,206,71,68,87,226
8495,F,62,50,68,180,76,36,86,198
8496,F,75,73,80,228,98,98,99,295
8497,F,59,64,57,180,54,82,62,198
8498,M,66,58,52,176,87,88,54,229
8499,M,60,60,62,182,73,40,62,175
8500,M,64,58,53,175,96,83,88,267
8501,F,60,60,64,184,89,64,79,232
8502,M,58,51,54,163,63,20,35,118
8503,M,46,43,54,143,35,11,59,105
8504,M,56,58,53,167,49,25,40,114
8505,F,77,70,82,229,92,92,92,276
8506,F,52,47,48,147,70,60,42,172
8507,M,77,77,57,211,84,99,86,269
8508,M,50,56,49,155,19,63,47,129
8509,F,69,67,58,194,76,92,94,262
8510,F,52,45,48,145,56,14,62,132
8511,M,57,67,70,194,97,90,89,276
8512,F,64,73,52,189,64,62,70,196
8513,M,65,54,53,172,71,68,64,203
8514,M,58,56,44,158,28,10,52,90
8515,M,62,82,76,220,93,94,88,275
8516,M,77,65,80,222,69,77,99,245
8517,M,69,60,78,207,94,64,99,257
8518,M,52,58,76,186,91,68,84,243
8519,M,56,55,59,170,58,86,79,223
8520,F,59,54,52,165,90,3,72,165
8521,M,77,67,95,239,97,94,98,289
8522,M,54,56,49,159,60,77,17,154
8523,M,61,62,67,190,94,92,84,270
8524,M,58,53,68,179,5,28,88,121
8525,M,64,55,58,177,80,54,46,180
8526,F,64,67,78,209,87,86,93,266
8527,M,68,67,49,184,92,94,53,239
8528,M,77,67,76,220,93,99,94,286
8529,M,59,58,60,177,46,61,18,125
8530,F,58,60,43,161,48,65,70,183
8531,F,53,42,43,138,38,8,1,47
8532,M,50,56,65,171,72,77,80,229
8533,M,56,49,44,149,58,24,58,140
8534,M,64,70,64,198,85,83,82,250
8535,M,61,53,49,163,79,70,79,228
8536,M,50,40,48,138,10,63,18,91
8537,M,64,60,62,186,80,68,83,231
8538,M,60,62,70,192,93,78,90,261
8539,F,68,65,64,197,82,67,63,212
8540,F,61,62,58,181,58,91,89,238
8541,F,58,62,57,177,43,74,66,183
8542,M,64,70,55,189,94,91,72,257
8543,F,65,50,52,167,2,8,21,31
8544,M,71,91,76,238,92,98,87,277
8545,F,48,53,52,153,31,36,33,100
8546,M,81,67,70,218,77,87,79,243
8547,F,60,62,48,170,78,76,42,196
8548,F,51,52,48,151,53,45,49,147
8549,M,69,82,76,227,65,67,86,218
8550,F,64,56,54,174,87,67,69,223
8551,F,66,60,43,169,61,43,8,112
8552,M,59,60,76,195,73,69,77,219
8553,F,68,70,49,187,81,89,61,231
8554,F,65,60,60,185,36,52,88,176
8555,F,67,77,60,204,76,97,84,257
8556,F,66,65,72,203,66,70,92,228
8557,F,64,77,54,195,69,88,86,243
8558,M,56,52,53,161,60,79,60,199
8559,F,48,45,46,139,48,34,38,120
8560,F,72,77,90,239,89,95,95,279
8561,F,81,77,78,236,97,89,87,273
8562,M,64,62,80,206,63,89,90,242
8563,M,74,77,64,215,98,96,77,271
8564,F,43,55,48,146,18,18,57,93
8565,F,57,54,52,163,44,41,25,110
8566,M,74,62,100,236,96,88,100,284
8567,M,59,64,72,195,87,44,72,203
8568,F,56,58,64,178,73,22,87,182
8569,M,65,62,50,177,78,19,35,132
8570,F,77,65,67,209,43,8,85,136
8571,F,59,54,74,187,40,29,85,154
8572,M,69,67,64,200,66,75,67,208
8573,F,55,58,43,156,35,26,40,101
8574,F,77,58,70,205,81,89,84,254
8575,F,59,67,76,202,50,72,82,204
8576,F,47,48,44,139,38,37,69,144
8577,F,50,60,90,200,83,73,97,253
8578,F,71,73,65,209,82,62,79,223
8579,F,61,58,65,184,66,45,84,195
8580,M,55,60,54,169,44,66,79,189
8581,F,53,52,49,154,48,54,44,146
8582,F,66,70,76,212,89,76,82,247
8583,F,69,70,70,209,77,78,91,246
8584,M,66,70,80,216,94,96,96,286
8585,M,49,46,48,143,38,11,22,71
8586,F,75,67,65,207,96,81,82,259
8587,M,72,73,50,195,89,94,87,270
8588,M,48,45,46,139,26,21,59,106
8589,M,59,58,57,174,10,6,1,17
8590,M,58,51,50,159,18,40,59,117
8591,M,66,60,62,188,95,94,79,268
8592,M,53,50,52,155,58,11,22,91
8593,F,54,55,62,171,46,12,70,128
8594,F,55,64,53,172,64,76,35,175
8595,F,66,60,72,198,48,1,86,135
8596,F,64,58,57,179,77,80,60,217
8597,M,41,47,52,140,4,5,11,20
8598,M,75,70,85,230,84,14,86,184
8599,F,65,48,53,166,89,95,69,253
8600,F,65,58,55,178,83,81,87,251
8601,F,50,55,54,159,50,32,43,125
8602,M,51,56,67,174,74,22,86,182
8603,M,56,56,76,188,65,7,85,157
8604,M,47,42,40,129,12,5,14,31
8605,F,41,45,50,136,12,37,15,64
8606,M,67,70,58,195,49,19,63,131
8607,F,43,47,40,130,43,45,70,158
8608,F,50,47,53,150,9,25,48,82
8609,M,69,90,90,249,90,100,96,286
8610,M,64,67,82,213,86,84,91,261
8611,F,71,62,53,186,71,82,77,230
8612,F,59,62,60,181,93,64,76,233
8613,F,54,58,58,170,59,55,30,144
8614,M,41,55,44,140,33,51,2,86
8615,M,53,60,48,161,59,25,69,153
8616,M,57,56,55,168,55,62,86,203
8617,F,52,58,67,177,69,80,85,234
8618,M,57,52,55,164,73,76,59,208
8619,F,56,73,46,175,61,3,4,68
8620,F,55,67,52,174,93,89,74,256
8621,M,59,58,53,170,80,67,53,200
8622,M,41,47,55,143,25,21,26,72
8623,M,61,65,53,179,88,77,94,259
8624,F,65,44,65,174,39,35,69,143
8625,M,77,67,55,199,63,10,3,76
8626,M,67,60,53,180,89,77,71,237
8627,F,69,62,65,196,84,82,82,248
8628,F,62,55,54,171,57,46,70,173
8629,F,56,55,49,160,65,31,64,160
8630,F,54,51,46,151,4,18,7,29
8631,F,77,62,76,215,90,77,84,251
8632,M,64,56,52,172,98,88,61,247
8633,M,59,53,42,154,35,57,45,137
8634,F,62,70,52,184,87,78,33,198
8635,M,54,49,46,149,51,4,29,84
8636,M,63,52,57,172,45,24,69,138
8637,F,57,60,50,167,38,14,28,80
8638,M,63,90,70,223,74,73,79,226
8639,M,66,60,85,211,90,88,88,266
8640,M,62,56,52,170,100,95,50,245
8641,M,58,55,55,168,43,9,69,121
8642,M,52,55,58,165,71,81,43,195
8643,M,55,64,50,169,54,21,1,76
8644,M,58,52,70,180,65,69,89,223
8645,M,57,60,54,171,72,81,85,238
8646,M,47,54,55,156,60,58,74,192
8647,M,57,62,44,163,63,48,46,157
8648,M,56,55,52,163,89,86,58,233
8649,F,100,70,80,250,91,75,90,256
8650,M,61,77,74,212,83,88,90,261
8651,F,61,62,58,181,51,71,69,191
8652,F,66,58,52,176,45,63,70,178
8653,M,58,56,54,168,15,69,77,161
8654,F,65,60,50,175,73,30,61,164
8655,M,69,67,85,221,31,29,96,156
8656,M,45,51,44,140,29,40,36,105
8657,M,54,56,54,164,37,32,65,134
8658,M,43,52,49,144,65,41,11,117
8659,M,52,49,48,149,46,44,47,137
8660,F,69,64,54,187,92,83,80,255
8661,F,56,53,60,169,72,51,64,187
8662,M,49,62,52,163,30,4,57,91
8663,M,66,67,55,188,86,90,25,201
8664,F,53,55,52,160,21,52,10,83
8665,M,45,47,43,135,17,16,15,48
8666,F,60,56,48,164,31,57,45,133
8667,F,64,62,62,188,82,4,73,159
8668,M,59,49,43,151,36,33,43,112
8669,M,62,64,48,174,63,40,42,145
8670,M,58,65,60,183,57,36,63,156
8671,F,54,58,59,171,53,6,49,108
8672,M,46,56,48,150,13,6,24,43
8673,F,48,56,59,163,12,36,51,99
8674,F,56,53,60,169,24,48,76,148
8675,M,45,49,46,140,30,25,16,71
8676,M,53,56,49,158,57,57,16,130
8677,M,74,70,49,193,79,70,19,168
8678,F,62,67,62,191,52,64,83,199
8679,F,57,60,54,171,12,31,33,76
8680,M,66,90,80,236,72,96,80,248
8681,M,61,60,85,206,57,93,96,246
8682,M,71,82,85,238,2,25,95,122
8683,M,46,51,46,143,51,14,10,75
8684,M,59,62,58,179,64,78,52,194
8685,M,61,58,59,178,71,54,71,196
8686,F,57,41,58,156,21,18,36,75
8687,M,35,43,48,126,31,6,13,50
8688,M,59,46,50,155,61,32,6,99
8689,F,60,62,54,176,91,77,69,237
8690,M,59,51,58,168,52,31,70,153
8691,M,62,60,53,175,95,93,84,272
8692,M,74,73,90,237,62,98,94,254
8693,F,63,64,55,182,75,54,77,206
8694,M,74,73,46,193,75,77,87,239
8695,M,68,65,72,205,96,93,76,265
8696,M,42,45,46,133,21,46,53,120
8697,F,58,44,52,154,26,22,54,102
8698,F,50,56,42,148,46,39,67,152
8699,M,77,73,90,240,92,100,100,292
8700,F,81,100,72,253,84,36,68,188
8701,F,54,55,46,155,62,67,19,148
8702,F,49,56,62,167,69,65,79,213
8703,M,50,55,53,158,95,72,79,246
8704,F,55,58,54,167,75,38,70,183
8705,M,49,52,42,143,24,87,64,175
8706,M,66,65,78,209,78,19,84,181
8707,M,54,53,68,175,87,79,78,244
8708,M,63,73,48,184,83,68,56,207
8709,M,57,60,57,174,85,79,85,249
8710,M,58,56,50,164,27,64,33,124
8711,M,61,64,46,171,65,78,50,193
8712,M,60,57,80,197,82,51,90,223
8713,M,61,70,72,203,95,43,93,231
8714,F,77,62,65,204,94,99,93,286
8715,F,74,70,76,220,54,45,81,180
8716,M,54,55,72,181,53,75,78,206
8717,M,69,62,80,211,94,92,97,283
8718,M,54,58,55,167,3,37,38,78
8719,M,64,73,76,213,56,92,78,226
8720,F,52,58,55,165,26,58,62,146
8721,M,35,37,53,125,14,10,24,48
8722,M,58,64,55,177,74,51,57,182
8723,M,56,60,52,168,63,6,3,72
8724,F,78,62,57,197,75,20,74,169
8725,F,72,82,72,226,55,1,70,126
8726,F,50,51,48,149,8,28,20,56
8727,F,64,67,72,203,90,73,70,233
8728,M,56,60,58,174,81,75,89,245
8729,M,77,82,80,239,98,90,99,287
8730,F,53,52,46,151,53,67,40,160
8731,M,67,70,64,201,81,64,92,237
8732,M,58,64,54,176,75,93,36,204
8733,F,49,54,52,155,56,49,82,187
8734,F,74,65,85,224,91,60,90,241
8735,F,77,70,70,217,87,75,83,245
8736,F,71,73,95,239,84,98,94,276
8737,M,68,62,46,176,74,60,47,181
8738,F,60,82,50,192,78,77,57,212
8739,F,41,51,46,138,32,39,23,94
8740,M,50,43,44,137,10,33,14,57
8741,F,69,62,53,184,77,56,47,180
8742,F,67,62,46,175,50,62,17,129
8743,F,53,44,49,146,42,50,18,110
8744,M,54,51,53,158,62,42,72,176
8745,M,48,51,60,159,64,37,66,167
8746,M,66,56,76,198,80,83,92,255
8747,M,41,49,48,138,23,66,67,156
8748,F,62,67,46,175,76,54,44,174
8749,M,60,60,49,169,30,51,54,135
8750,M,60,62,80,202,36,71,93,200
8751,M,71,67,48,186,67,69,74,210
8752,F,49,52,38,139,40,6,26,72
8753,F,54,65,52,171,47,82,16,145
8754,F,47,54,48,149,22,42,14,78
8755,M,74,62,60,196,96,93,78,267
8756,F,50,53,46,149,40,71,16,127
8757,M,57,73,46,176,79,86,45,210
8758,F,49,52,65,166,77,60,76,213
8759,F,38,39,44,121,6,23,38,67
8760,M,61,70,72,203,84,71,92,247
8761,F,61,65,42,168,32,10,62,104
8762,F,46,49,55,150,37,2,60,99
8763,F,59,55,48,162,80,85,46,211
8764,M,63,54,57,174,66,57,29,152
8765,F,52,49,49,150,45,50,75,170
8766,M,87,77,95,259,100,87,100,287
8767,F,54,51,49,154,23,22,64,109
8768,M,75,62,64,201,100,90,88,278
8769,F,72,70,55,197,94,83,82,259
8770,M,81,91,80,252,97,95,95,287
8771,F,59,62,64,185,75,73,87,235
8772,M,62,51,53,166,43,40,63,146
8773,F,59,56,58,173,49,75,49,173
8774,M,66,67,80,213,94,96,90,280
8775,M,62,65,64,191,69,65,84,218
8776,F,58,62,52,172,26,53,61,140
8777,M,47,52,43,142,10,21,36,67
8778,F,48,53,57,158,44,69,68,181
8779,F,64,55,78,197,78,80,94,252
8780,M,53,56,53,162,46,82,66,194
8781,F,74,65,54,193,92,79,51,222
8782,F,56,62,57,175,47,59,34,140
8783,M,58,70,50,178,72,70,62,204
8784,F,77,60,48,185,91,74,58,223
8785,F,50,49,42,141,20,33,10,63
8786,M,62,64,48,174,92,74,76,242
8787,F,52,51,48,151,48,45,61,154
8788,M,46,62,52,160,70,21,15,106
8789,F,72,64,68,204,89,80,89,258
8790,F,50,55,44,149,28,52,19,99
8791,M,64,70,62,196,86,82,74,242
8792,M,56,45,52,153,49,34,34,117
8793,M,52,56,43,151,59,37,6,102
8794,F,58,58,46,162,86,82,80,248
8795,F,56,62,70,188,78,10,78,166
8796,F,61,65,67,193,86,86,92,264
8797,M,61,64,58,183,63,87,78,228
8798,M,58,52,54,164,76,67,69,212
8799,M,56,62,48,166,37,37,52,126
8800,F,56,56,39,151,24,45,64,133
8801,F,66,62,52,180,37,52,29,118
8802,M,56,45,50,151,80,89,68,237
8803,F,69,66,71,206,76,43,86,205
8804,F,52,55,42,149,35,65,28,128
8805,M,47,56,44,147,13,73,46,132
8806,M,63,60,64,187,94,86,99,279
8807,M,52,51,48,151,55,48,44,147
8808,F,59,62,58,179,61,35,57,153
8809,F,54,55,60,169,20,8,77,105
8810,F,51,60,54,165,83,54,65,202
8811,F,58,62,53,173,75,64,10,149
8812,F,63,60,62,185,76,12,80,168
8813,F,64,70,76,210,76,7,92,175
8814,M,61,56,76,193,60,27,88,175
8815,F,48,58,52,158,51,16,60,127
8816,M,59,60,53,172,63,61,18,142
8817,M,49,46,42,137,14,36,48,98
8818,M,69,64,65,198,93,92,92,277
8819,F,61,62,48,171,25,47,52,124
8820,M,57,58,55,170,67,41,54,162
8821,M,49,54,59,162,53,74,44,171
8822,M,62,67,54,183,31,73,82,186
8823,M,67,64,62,193,90,86,84,260
8824,F,57,56,52,165,28,3,81,112
8825,M,51,52,54,157,76,100,28,204
8826,M,54,56,53,163,80,35,60,175
8827,M,71,62,49,182,76,59,29,164
8828,M,57,56,46,159,67,80,71,218
8829,M,66,67,59,192,79,99,69,247
8830,M,51,58,46,155,9,58,42,109
8831,F,67,73,64,204,75,82,57,214
8832,M,72,64,62,198,96,99,86,281
8833,F,51,52,58,161,52,11,23,86
8834,M,58,64,36,158,92,45,27,164
8835,M,78,67,67,212,96,86,76,258
8836,M,62,82,82,226,82,92,100,274
8837,M,52,58,52,162,58,57,48,163
8838,M,77,73,90,240,66,91,99,256
8839,M,86,77,76,239,90,41,88,219
8840,M,50,51,57,158,48,5,55,108
8841,M,51,40,50,141,27,42,45,114
8842,M,54,53,55,162,70,67,78,215
8843,M,62,67,76,205,88,98,99,285
8844,M,58,58,40,156,21,30,10,61
8845,M,50,53,43,146,13,39,29,81
8846,F,69,67,46,182,35,37,53,125
8847,M,57,56,46,159,91,95,70,256
8848,F,64,62,72,198,34,63,88,185
8849,M,51,60,44,155,42,43,12,97
8850,F,58,56,59,173,57,18,88,163
8851,M,57,48,50,155,79,3,67,149
8852,M,48,41,40,129,35,17,17,69
8853,F,62,58,70,190,96,93,93,282
8854,F,56,56,70,182,64,67,88,219
8855,M,77,82,78,237,93,94,88,275
8856,F,43,49,50,142,35,28,61,124
8857,F,62,67,64,193,79,90,74,243
8858,F,74,67,72,213,80,24,85,189
8859,F,81,73,78,232,96,49,83,228
8860,M,58,62,52,172,65,86,53,204
8861,M,71,73,60,204,88,76,58,222
8862,M,58,65,68,191,63,65,93,221
8863,F,56,60,57,173,62,75,52,189
8864,M,67,73,62,202,90,96,73,259
8865,F,71,60,85,216,76,87,97,260
8866,F,35,44,40,119,35,17,48,100
8867,F,81,65,100,246,96,84,99,279
8868,F,81,67,70,218,89,87,96,272
8869,M,81,77,82,240,92,99,98,289
8870,M,48,45,57,150,28,27,54,109
8871,F,55,70,46,171,81,80,26,187
8872,M,68,67,82,217,63,81,100,244
8873,M,77,73,76,226,100,95,96,291
8874,F,59,62,50,171,62,34,35,131
8875,F,55,64,53,172,48,7,50,105
8876,M,64,77,74,215,90,70,90,250
8877,M,86,91,100,277,100,100,100,300
8878,M,87,73,82,242,82,95,92,269
8879,F,69,90,78,237,96,89,89,274
8880,F,58,56,44,158,50,50,68,168
8881,F,54,60,46,160,70,79,83,232
8882,M,56,50,54,160,52,32,56,140
8883,M,73,76,96,245,100,99,100,299
8884,M,60,52,49,161,55,35,58,148
8885,F,66,67,80,213,51,68,89,208
8886,F,68,73,60,201,94,99,82,275
8887,M,55,52,54,161,58,29,61,148
8888,M,47,48,48,143,64,49,69,182
8889,F,66,70,53,189,94,86,86,266
8890,F,58,48,43,149,67,50,58,175
8891,M,52,41,50,143,10,33,64,107
8892,M,42,40,46,128,21,25,26,72
8893,M,77,100,85,262,98,98,96,292
8894,F,64,67,49,180,90,87,76,253
8895,F,64,64,53,181,88,81,33,202
8896,F,55,48,43,146,28,58,66,152
8897,F,71,45,52,168,54,48,49,151
8898,F,74,65,70,209,76,82,93,251
8899,F,59,56,44,159,30,62,35,127
8900,F,59,73,53,185,65,19,72,156
8901,F,65,67,68,200,79,16,80,175
8902,M,77,73,85,235,98,95,97,290
8903,M,78,64,72,214,68,99,89,256
8904,F,74,82,100,256,72,99,98,269
8905,M,87,91,90,268,97,100,96,293
8906,F,65,52,62,179,31,49,74,154
8907,M,68,91,68,227,72,62,82,216
8908,M,72,64,78,214,88,95,79,262
8909,F,75,62,62,199,89,84,88,261
8910,F,74,65,80,219,86,82,87,255
8911,F,64,64,78,206,51,64,92,207
8912,M,64,65,67,196,82,78,95,255
8913,M,71,70,76,217,53,80,88,221
8914,M,74,82,90,246,97,98,100,295
8915,M,69,54,55,178,66,60,83,209
8916,F,62,58,76,196,84,85,81,250
8917,F,59,56,49,164,84,73,65,222
8918,M,52,58,32,142,67,51,26,144
8919,M,81,73,67,221,98,96,93,287
8920,M,56,64,55,175,53,53,62,168
8921,M,52,65,49,166,18,76,62,156
8922,M,55,40,57,152,60,81,70,211
8923,M,68,58,62,188,24,51,86,161
8924,M,66,70,65,201,65,92,88,245
8925,F,58,62,52,172,71,74,76,221
8926,F,62,58,46,166,46,58,48,152
8927,F,69,82,85,236,97,78,95,270
8928,M,74,77,78,229,62,95,79,236
8929,F,55,46,55,156,70,77,60,207
8930,F,63,56,44,163,43,17,26,86
8931,M,61,65,64,190,99,82,90,271
8932,F,66,62,65,193,95,97,81,273
8933,M,55,54,53,162,96,43,75,214
8934,M,55,46,64,165,38,64,81,183
8935,M,53,48,50,151,48,61,28,137
8936,F,69,73,50,192,38,49,23,110
8937,F,61,52,57,170,41,68,66,175
8938,F,49,52,40,141,45,58,19,122
8939,M,61,67,39,167,66,47,52,165
8940,M,59,56,50,165,45,49,73,167
8941,M,60,50,52,162,59,60,63,182
8942,M,52,67,55,174,76,43,81,200
8943,F,57,60,52,169,59,71,68,198
8944,M,53,50,48,151,44,67,36,147
8945,M,53,64,54,171,63,49,77,189
8946,F,69,60,55,184,83,78,78,239
8947,F,56,55,42,153,21,34,62,117
8948,M,55,67,57,179,93,93,75,261
8949,M,69,62,60,191,91,92,69,252
8950,M,62,58,57,177,7,46,3,56
8951,F,37,44,53,134,8,32,10,50
8952,M,54,55,39,148,48,5,68,121
8953,F,59,70,54,183,65,78,52,195
8954,M,60,56,68,184,82,11,70,163
8955,F,60,60,52,172,48,77,65,190
8956,M,71,65,58,194,33,29,40,102
8957,F,53,60,64,177,72,84,84,240
8958,F,56,67,42,165,62,81,76,219
8959,M,60,52,46,158,21,15,9,45
8960,M,59,65,49,173,59,43,45,147
8961,F,54,51,55,160,50,39,41,130
8962,M,52,62,49,163,39,55,31,125
8963,M,47,50,52,149,57,35,57,149
8964,F,53,62,40,155,48,36,28,112
8965,M,87,67,80,234,89,82,94,265
8966,M,58,47,53,158,51,64,36,151
8967,F,74,60,85,219,82,45,91,218
8968,M,47,43,43,133,17,4,9,30
8969,M,58,62,43,163,74,60,57,191
8970,M,41,43,46,130,44,51,41,136
8971,M,45,48,53,146,31,5,19,55
8972,M,68,73,53,194,92,86,86,264
8973,F,53,54,46,153,69,53,74,196
8974,F,71,62,100,233,92,84,93,269
8975,M,81,70,80,231,91,78,94,263
8976,F,71,77,85,233,100,95,97,292
8977,F,58,54,60,172,52,47,66,165
8978,F,62,49,57,168,67,77,68,212
8979,F,51,52,65,168,40,64,63,167
8980,F,64,70,54,188,33,94,49,176
8981,F,66,58,62,186,39,60,83,182
8982,M,87,91,95,273,75,94,99,268
8983,M,50,51,49,150,52,38,74,164
8984,F,78,73,90,241,100,95,97,292
8985,M,66,60,52,178,35,27,65,127
8986,M,54,60,68,182,83,74,74,231
8987,M,52,55,58,165,55,64,41,160
8988,F,71,70,90,231,91,93,95,279
8989,M,64,67,82,213,78,96,95,269
8990,M,67,62,74,203,97,85,94,276
8991,F,65,54,82,201,89,92,100,281
8992,F,55,54,59,168,49,65,69,183
8993,F,64,82,62,208,88,92,80,260
8994,M,57,62,78,197,71,80,81,232
8995,M,62,73,76,211,70,82,90,242
8996,M,82,70,80,232,95,90,95,280
8997,F,81,67,70,218,95,73,88,256
8998,M,56,55,54,165,80,58,68,206
8999,M,59,58,60,177,53,85,62,200
9000,F,59,60,62,181,74,62,88,224
9001,F,50,49,58,157,14,38,83,135
9002,M,74,73,90,237,94,98,100,292
9003,M,61,60,65,186,24,71,87,182
9004,F,62,60,54,176,72,62,62,196
9005,M,61,62,65,188,78,73,84,235
9006,M,57,55,62,174,43,36,73,152
9007,F,60,73,68,201,66,81,83,230
9008,M,57,67,67,191,34,55,65,154
9009,M,74,82,80,236,89,79,87,255
9010,F,69,62,95,226,97,88,100,285
9011,F,46,47,48,141,40,23,11,74
9012,M,46,65,46,157,16,25,29,70
9013,M,52,55,38,145,52,54,29,135
9014,F,60,65,64,189,61,78,76,215
9015,M,51,56,62,169,15,25,61,101
9016,M,52,53,60,165,27,9,67,103
9017,F,66,60,49,175,93,79,53,225
9018,M,56,55,52,163,68,44,9,121
9019,F,57,53,48,158,89,60,45,194
9020,F,58,53,60,171,95,75,70,240
9021,F,53,50,52,155,20,5,40,65
9022,M,50,55,43,148,73,95,66,234
9023,F,71,53,55,179,99,67,42,208
9024,F,50,51,53,154,44,27,32,103
9025,F,71,62,52,185,97,88,70,255
9026,M,65,62,58,185,92,73,78,243
9027,M,58,62,46,166,54,69,49,172
9028,F,43,45,44,132,17,9,15,41
9029,M,57,49,46,152,62,57,85,204
9030,F,87,73,76,236,54,4,86,144
9031,F,69,70,95,234,95,82,90,267
9032,M,71,73,78,222,69,79,99,247
9033,M,78,82,65,225,88,96,84,268
9034,M,62,60,57,179,59,34,67,160
9035,M,87,67,90,244,89,94,100,283
9036,F,78,73,78,229,100,21,96,217
9037,M,66,73,74,213,87,58,90,235
9038,F,67,54,60,181,19,31,82,132
9039,F,77,73,68,218,88,78,40,206
9040,M,66,65,72,203,91,94,92,277
9041,M,71,73,95,239,96,84,100,280
9042,F,71,70,82,223,85,73,92,250
9043,F,69,67,54,190,48,21,64,133
9044,M,58,52,55,165,48,18,20,86
9045,M,67,70,85,222,97,95,100,292
9046,F,42,60,50,152,81,81,51,213
9047,F,64,58,57,179,67,77,82,226
9048,F,62,60,67,189,73,84,84,241
9049,F,74,67,65,206,93,95,84,272
9050,F,74,70,80,224,93,84,95,272
9051,F,65,58,60,183,93,74,82,249
9052,F,61,58,57,176,58,54,73,185
9053,M,64,58,72,194,68,77,80,225
9054,F,64,64,64,192,88,72,75,235
9055,F,87,73,95,255,96,93,95,284
9056,F,77,73,95,245,98,93,98,289
9057,M,65,54,62,181,65,85,40,190
9058,M,48,51,48,147,74,58,63,195
9059,F,69,67,55,191,65,32,82,179
9060,F,52,60,78,190,54,33,89,176
9061,M,53,67,57,177,75,89,55,219
9062,M,45,52,62,159,18,46,65,129
9063,M,61,52,95,208,85,72,97,254
9064,M,69,73,76,218,94,87,87,268
9065,F,75,64,68,207,80,89,90,259
9066,F,55,52,67,174,67,89,88,244
9067,M,72,70,90,232,86,90,96,272
9068,F,59,65,60,184,30,35,88,153
9069,M,58,65,90,213,94,98,98,290
9070,F,56,62,64,182,89,63,81,233
9071,F,81,73,70,224,92,97,83,272
9072,M,56,56,53,165,69,44,40,153
9073,F,70,58,76,204,70,79,89,238
9074,M,60,47,48,155,43,41,39,123
9075,M,40,34,40,114,16,28,27,71
9076,F,50,51,52,153,55,31,80,166
9077,M,63,58,72,193,72,49,87,208
9078,F,72,62,68,202,4,4,79,87
9079,M,57,43,54,154,21,9,73,103
9080,M,61,56,52,169,83,66,57,206
9081,F,41,47,40,128,33,14,5,52
9082,F,68,65,60,193,72,90,73,235
9083,M,68,58,49,175,42,29,66,137
9084,M,57,55,43,155,77,51,12,140
9085,M,66,70,64,200,77,81,79,237
9086,F,74,60,52,186,91,67,94,252
9087,F,59,70,55,184,44,31,51,126
9088,F,64,53,57,174,32,24,33,89
9089,M,40,52,50,142,11,9,63,83
9090,F,77,77,85,239,82,89,84,255
9091,F,69,77,67,213,92,100,84,276
9092,F,56,44,40,140,10,36,53,99
9093,M,66,62,58,186,95,71,74,240
9094,M,58,65,49,172,74,19,46,139
9095,F,52,53,50,155,33,25,79,137
9096,M,45,53,38,136,36,41,48,125
9097,F,54,53,53,160,28,13,61,102
9098,F,60,58,72,190,64,46,79,189
9099,M,81,100,82,263,93,96,99,288
9100,F,47,52,46,145,59,60,18,137
9101,M,43,48,43,134,21,44,9,74
9102,M,62,62,55,179,50,76,83,209
9103,F,62,58,67,187,96,8,88,192
9104,M,71,70,90,231,98,88,92,278
9105,F,56,48,49,153,17,41,57,115
9106,F,49,48,55,152,52,57,23,132
9107,M,69,77,95,241,94,100,98,292
9108,F,60,55,50,165,40,55,52,147
9109,M,56,50,65,171,80,41,84,205
9110,M,50,49,48,147,14,27,49,90
9111,M,66,67,62,195,91,80,81,252
9112,M,49,52,52,153,30,66,12,108
9113,M,64,55,54,173,54,77,76,207
9114,M,71,62,76,209,96,76,93,265
9115,M,72,90,90,252,99,90,95,284
9116,M,50,51,48,149,24,47,18,89
9117,M,41,47,40,128,21,7,7,35
9118,M,45,46,48,139,5,24,59,88
9119,F,45,52,39,136,17,11,16,44
9120,F,35,48,44,127,1,2,19,22
9121,M,54,62,62,178,81,68,89,238
9122,M,78,64,78,220,93,92,88,273
9123,M,47,52,54,153,53,10,79,142
9124,M,47,50,48,145,6,30,22,58
9125,F,61,58,55,174,56,71,82,209
9126,M,64,62,58,184,86,99,82,267
9127,M,81,82,80,243,96,97,95,288
9128,F,66,62,57,185,72,93,80,245
9129,M,59,45,46,150,38,19,28,85
9130,F,78,62,76,216,83,93,96,272
9131,F,81,73,95,249,90,85,98,273
9132,F,38,36,48,122,13,14,17,44
9133,M,74,77,76,227,94,99,91,284
9134,F,71,73,55,199,98,99,85,282
9135,F,55,48,57,160,76,34,67,177
9136,M,57,58,46,161,47,46,38,131
9137,F,71,67,60,198,47,99,57,203
9138,M,56,65,58,179,54,6,70,130
9139,F,66,58,55,179,74,38,77,189
9140,M,49,46,53,148,35,10,8,53
9141,F,82,67,67,216,90,82,86,258
9142,F,52,47,42,141,34,66,3,103
9143,F,56,58,54,168,77,6,60,143
9144,M,65,70,65,200,93,90,81,264
9145,F,64,70,42,176,87,75,59,221
9146,M,55,54,60,169,80,46,76,202
9147,M,74,73,85,232,92,81,94,267
9148,F,77,56,68,201,93,76,85,254
9149,M,67,64,55,186,64,67,78,209
9150,F,61,70,60,191,91,70,19,180
9151,F,71,67,85,223,98,89,90,277
9152,M,49,48,48,145,64,75,77,216
9153,M,56,60,57,173,87,82,67,236
9154,M,43,53,54,150,81,19,80,180
9155,M,48,51,62,161,19,76,84,179
9156,F,54,56,49,159,33,62,66,161
9157,F,55,62,50,167,55,44,67,166
9158,M,74,67,57,198,68,86,86,240
9159,M,57,65,50,172,61,79,38,178
9160,M,56,67,46,169,96,93,33,222
9161,M,52,53,46,151,25,72,41,138
9162,F,64,56,67,187,65,30,83,178
9163,M,77,77,48,202,95,94,77,266
9164,F,87,67,72,226,80,86,94,260
9165,M,61,60,95,216,84,71,96,251
9166,M,50,56,40,146,34,25,18,77
9167,M,64,64,68,196,81,90,89,260
9168,M,65,62,58,185,77,67,83,227
9169,M,59,70,50,179,80,94,79,253
9170,F,61,70,58,189,62,71,50,183
9171,M,71,67,85,223,73,94,82,249
9172,M,55,52,49,156,90,49,46,185
9173,M,54,47,49,150,23,47,87,157
9174,M,69,58,82,209,24,49,93,166
9175,M,69,70,64,203,91,77,90,258
9176,M,58,70,48,176,74,92,67,233
9177,M,63,60,90,213,68,73,98,239
9178,F,50,49,49,148,11,44,68,123
9179,F,66,73,64,203,88,84,86,258
9180,F,65,60,55,180,52,41,75,168
9181,F,56,60,54,170,31,39,87,157
9182,M,77,82,74,233,93,94,97,284
9183,F,57,54,54,165,60,57,56,173
9184,M,67,73,78,218,73,62,93,228
9185,F,38,55,46,139,4,2,7,13
9186,M,61,60,59,180,80,29,65,174
9187,M,59,60,65,184,75,33,83,191
9188,F,49,52,46,147,47,74,36,157
9189,F,37,40,44,121,23,11,33,67
9190,F,62,65,60,187,28,10,82,120
9191,M,77,73,82,232,99,99,99,297
9192,M,64,62,54,180,78,75,78,231
9193,M,64,58,78,200,95,87,91,273
9194,F,57,51,48,156,53,43,6,102
9195,M,69,62,70,201,96,58,89,243
9196,M,57,70,70,197,33,94,75,202
9197,F,71,62,64,197,83,88,85,256
9198,M,68,73,78,219,11,5,84,100
9199,M,71,60,67,198,82,11,57,150
9200,M,64,70,65,199,94,75,81,250
9201,M,52,60,82,194,1,3,92,96
9202,M,66,70,65,201,68,92,87,247
9203,M,69,67,74,210,86,82,92,260
9204,M,46,47,50,143,32,24,31,87
9205,M,64,60,64,188,97,77,79,253
9206,M,67,53,57,177,24,18,66,108
9207,M,53,60,52,165,61,57,51,169
9208,F,52,49,53,154,51,12,29,92
9209,M,54,67,53,174,61,62,69,192
9210,M,82,67,42,191,87,75,87,249
9211,F,52,65,49,166,51,23,40,114
9212,F,62,60,74,196,72,26,94,192
9213,F,63,50,48,161,38,79,15,132
9214,M,56,56,70,182,89,87,83,259
9215,M,74,82,95,251,86,100,97,283
9216,M,61,67,60,188,79,74,82,235
9217,M,74,82,70,226,98,24,85,207
9218,M,87,82,74,243,97,96,91,284
9219,F,71,56,74,201,89,86,94,269
9220,M,43,62,58,163,55,67,77,199
9221,F,49,44,52,145,21,24,58,103
9222,M,53,62,48,163,64,62,37,163
9223,M,60,60,72,192,80,33,79,192
9224,F,69,60,49,178,90,84,51,225
9225,M,42,46,52,140,17,23,79,119
9226,F,60,53,65,178,72,60,80,212
9227,F,47,50,50,147,35,67,57,159
9228,F,66,73,65,204,56,77,75,208
9229,F,54,65,48,167,7,29,53,89
9230,M,61,70,57,188,47,72,81,200
9231,M,55,54,49,158,60,29,38,127
9232,M,50,53,50,153,31,42,33,106
9233,M,56,60,57,173,39,85,74,198
9234,M,71,77,72,220,79,49,88,216
9235,M,69,65,59,193,64,80,83,227
9236,M,72,64,78,214,86,91,91,268
9237,M,45,54,42,141,2,16,27,45
9238,M,49,50,57,156,34,28,46,108
9239,M,57,50,50,157,76,65,63,204
9240,F,56,60,54,170,62,4,68,134
9241,F,66,58,49,173,51,27,76,154
9242,F,54,53,46,153,5,4,5,14
9243,M,49,48,78,175,69,84,97,250
9244,F,52,49,46,147,2,26,51,79
9245,F,53,60,70,183,37,14,79,130
9246,F,74,67,85,226,96,88,95,279
9247,M,63,54,50,167,84,82,78,244
9248,M,58,50,68,176,62,39,84,185
9249,M,87,73,76,236,98,92,87,277
9250,M,64,67,85,216,79,86,95,260
9251,F,61,91,64,216,95,68,91,254
9252,M,54,53,32,139,25,76,25,126
9253,M,65,68,54,187,48,60,55,163
9254,F,63,70,58,191,84,98,84,266
9255,F,40,42,49,131,14,44,51,109
9256,F,64,55,40,159,60,61,30,151
9257,F,64,62,55,181,47,69,29,145
9258,M,61,65,62,188,85,86,83,254
9259,F,45,41,50,136,25,3,17,45
9260,F,65,67,59,191,68,82,72,222
9261,F,61,51,52,164,80,74,70,224
9262,M,55,70,60,185,56,85,82,223
9263,F,50,43,72,165,28,19,86,133
9264,F,63,64,42,169,32,73,38,143
9265,M,45,56,48,149,63,83,67,213
9266,M,71,73,74,218,96,83,99,278
9267,M,61,55,64,180,46,26,58,130
9268,M,50,51,42,143,9,36,45,90
9269,M,71,77,90,238,98,34,100,232
9270,F,72,73,62,207,95,85,81,261
9271,M,51,50,44,145,17,24,43,84
9272,F,51,50,49,150,19,34,16,69
9273,M,48,45,44,137,20,2,36,58
9274,F,69,60,48,177,65,83,58,206
9275,M,52,51,48,151,18,51,24,93
9276,M,50,47,49,146,13,36,33,82
9277,F,64,56,64,184,53,18,68,139
9278,M,74,62,64,200,94,86,77,257
9279,F,69,77,72,218,47,64,81,192
9280,M,55,56,76,187,91,83,82,256
9281,M,55,56,50,161,22,59,52,133
9282,M,62,70,85,217,99,93,91,283
9283,M,71,100,85,256,85,90,90,265
9284,M,59,45,53,157,54,63,19,136
9285,M,64,67,82,213,93,97,88,278
9286,M,62,65,76,203,70,58,85,213
9287,M,66,60,57,183,78,81,82,241
9288,F,50,55,46,151,28,45,35,108
9289,F,69,77,85,231,66,84,98,248
9290,M,77,77,60,214,85,78,67,230
9291,M,56,60,60,176,72,25,56,153
9292,M,54,62,60,176,23,2,83,108
9293,F,68,70,64,202,6,86,86,178
9294,M,71,60,59,190,93,91,80,264
9295,M,87,77,85,249,99,99,96,294
9296,F,62,58,54,174,89,53,5,147
9297,F,62,62,52,176,65,80,62,207
9298,F,54,55,52,161,51,77,58,186
9299,M,65,64,70,199,80,3,84,167
9300,M,74,77,95,246,93,93,97,283
9301,F,72,67,67,206,98,90,87,275
9302,F,35,46,46,127,28,29,66,123
9303,M,66,62,46,174,94,96,71,261
9304,F,63,64,54,181,55,79,71,205
9305,F,60,47,44,151,66,74,61,201
9306,F,66,56,46,168,67,42,2,111
9307,M,57,65,59,181,46,73,85,204
9308,M,59,77,53,189,47,87,37,171
9309,M,82,62,58,202,97,71,81,249
9310,F,59,60,58,177,21,70,70,161
9311,F,37,40,39,116,14,24,11,49
9312,M,72,70,40,182,86,99,34,219
9313,M,66,65,52,183,54,26,50,130
9314,F,63,58,50,171,86,71,34,191
9315,M,58,58,65,181,87,71,82,240
9316,M,66,65,68,199,84,64,89,237
9317,M,62,77,67,206,73,87,73,233
9318,M,54,53,49,156,13,4,49,66
9319,F,60,58,70,188,59,79,86,224
9320,F,56,60,48,164,79,91,39,209
9321,F,49,48,46,143,43,23,20,86
9322,F,64,62,62,188,55,87,78,220
9323,M,68,73,62,203,85,74,80,239
9324,M,51,62,54,167,47,52,50,149
9325,M,65,70,58,193,83,6,86,175
9326,M,66,73,74,213,89,100,92,281
9327,M,61,58,70,189,42,5,67,114
9328,F,63,64,64,191,81,58,91,230
9329,F,67,62,72,201,55,88,91,234
9330,F,64,58,52,174,79,86,55,220
9331,M,62,56,78,196,56,80,89,225
9332,M,86,73,67,226,98,99,86,283
9333,M,55,58,82,195,99,67,90,256
9334,M,54,67,76,197,93,99,96,288
9335,F,69,73,85,227,99,98,97,294
9336,F,61,62,68,191,79,96,92,267
9337,F,54,53,50,157,75,85,89,249
9338,F,53,50,49,152,40,35,71,146
9339,F,45,55,44,144,14,16,27,57
9340,F,53,60,50,163,83,18,2,103
9341,M,47,44,34,125,4,17,17,38
9342,F,66,55,55,176,64,40,46,150
9343,F,74,62,82,218,97,96,90,283
9344,M,69,60,54,183,89,93,79,261
9345,F,59,48,62,169,60,83,79,222
9346,F,53,64,53,170,69,47,76,192
9347,M,54,67,90,211,63,78,97,238
9348,F,58,58,64,180,27,12,87,126
9349,F,72,73,80,225,72,74,94,240
9350,F,49,49,49,147,35,24,43,102
9351,M,77,91,85,253,99,98,99,296
9352,F,43,55,46,144,24,40,32,96
9353,F,72,77,68,217,92,83,91,266
9354,F,54,49,65,168,94,57,87,238
9355,M,66,70,68,204,87,90,84,261
9356,F,48,55,53,156,1,73,71,145
9357,M,52,53,67,172,63,25,85,173
9358,M,43,56,54,153,44,62,64,170
9359,M,32,39,42,113,15,11,10,36
9360,M,64,60,70,194,88,92,86,266
9361,F,58,65,50,173,18,35,19,72
9362,M,62,64,59,185,47,24,45,116
9363,M,55,48,54,157,74,49,73,196
9364,M,53,56,53,162,80,61,68,209
9365,M,60,60,57,177,50,68,66,184
9366,F,66,67,76,209,84,97,84,265
9367,M,69,77,68,214,57,81,79,217
9368,M,54,53,46,153,25,63,60,148
9369,M,60,70,55,185,94,55,84,233
9370,F,63,52,80,195,78,70,89,237
9371,M,64,62,65,191,68,44,26,138
9372,F,69,64,65,198,79,60,85,224
9373,M,75,70,90,235,95,50,67,212
9374,M,62,62,65,189,75,85,84,244
9375,M,69,58,50,177,71,70,47,188
9376,F,60,70,95,225,79,85,99,263
9377,F,61,60,80,201,30,76,92,198
9378,M,53,54,64,171,89,12,82,183
9379,M,56,55,46,157,69,35,30,134
9380,F,64,62,78,204,99,99,87,285
9381,F,61,62,43,166,27,2,48,77
9382,M,54,56,64,174,84,73,84,241
9383,M,66,70,90,226,97,86,99,282
9384,M,63,62,76,201,73,89,83,245
9385,M,59,65,44,168,33,37,69,139
9386,M,58,62,55,175,76,96,88,260
9387,M,52,45,48,145,68,56,42,166
9388,M,75,77,76,228,84,96,90,270
9389,M,35,47,46,128,70,40,18,128
9390,F,58,50,49,157,79,66,34,179
9391,M,62,55,53,170,63,84,47,194
9392,M,53,67,53,173,72,85,77,234
9393,M,62,58,53,173,61,65,52,178
9394,F,59,56,53,168,29,59,82,170
9395,M,52,53,48,153,63,36,51,150
9396,F,58,62,85,205,93,85,98,276
9397,F,53,50,50,153,75,51,27,153
9398,M,74,70,42,186,78,98,56,232
9399,M,59,54,48,161,41,62,8,111
9400,M,50,58,52,160,49,2,69,120
9401,M,48,55,43,146,21,17,36,74
9402,F,62,62,72,196,88,56,85,229
9403,F,61,73,60,194,44,86,88,218
9404,F,60,62,78,200,84,63,88,235
9405,M,61,58,49,168,75,53,74,202
9406,F,75,70,67,212,100,98,76,274
9407,M,64,56,54,174,92,91,73,256
9408,M,77,77,80,234,87,1,17,105
9409,M,71,73,49,193,97,77,84,258
9410,M,55,56,55,166,78,18,37,133
9411,M,63,58,60,181,95,88,81,264
9412,M,61,56,53,170,50,56,13,119
9413,M,51,50,58,159,73,56,61,190
9414,M,52,51,55,158,48,16,53,117
9415,M,77,70,90,237,97,96,96,289
9416,M,51,48,57,156,9,34,55,98
9417,M,53,54,40,147,1,3,10,14
9418,M,55,60,54,169,58,64,65,187
9419,F,61,65,80,206,88,85,94,267
9420,F,60,60,82,202,84,87,92,263
9421,F,71,70,82,223,82,92,100,274
9422,F,71,77,90,238,97,90,96,283
9423,F,71,77,90,238,87,96,100,283
9424,F,74,62,70,206,71,60,76,207
9425,M,56,56,44,156,1,28,17,46
9426,F,58,62,55,175,82,25,26,133
9427,M,71,73,42,186,86,99,58,243
9428,M,77,70,65,212,96,58,83,237
9429,F,45,52,59,156,22,20,66,108
9430,F,57,65,52,174,79,64,60,203
9431,M,47,50,53,150,50,3,69,122
9432,M,82,70,78,230,91,1,89,181
9433,M,51,40,38,129,2,12,3,17
9434,M,56,45,55,156,31,52,46,129
9435,F,66,58,64,188,88,89,42,219
9436,F,60,56,48,164,44,47,50,141
9437,F,67,62,52,181,81,93,57,231
9438,M,35,33,46,114,46,3,13,62
9439,M,58,58,43,159,65,38,68,171
9440,F,71,58,44,173,47,32,31,110
9441,M,71,65,65,201,60,19,73,152
9442,M,75,77,82,234,91,58,87,236
9443,F,56,65,55,176,36,61,68,165
9444,F,66,62,70,198,73,78,87,238
9445,M,54,58,76,188,72,28,85,185
9446,M,81,73,85,239,95,95,98,288
9447,M,59,56,57,172,46,1,68,115
9448,F,67,67,64,198,81,63,94,238
9449,M,55,62,95,212,58,34,96,188
9450,M,66,70,64,200,76,73,81,230
9451,M,46,53,59,158,29,35,48,112
9452,F,60,58,50,168,41,41,49,131
9453,M,47,50,46,143,26,33,33,92
9454,M,57,58,67,182,27,15,67,109
9455,F,49,56,52,157,53,26,37,116
9456,F,52,56,46,154,16,19,41,76
9457,F,38,49,44,131,7,5,45,57
9458,F,69,53,90,212,25,51,96,172
9459,F,53,58,67,178,45,34,4,83
9460,M,55,54,53,162,51,45,77,173
9461,M,73,64,70,207,97,83,88,268
9462,F,55,58,49,162,84,58,74,216
9463,F,61,58,42,161,46,60,21,127
9464,M,56,67,68,191,71,75,88,234
9465,F,64,53,49,166,93,51,67,211
9466,F,57,58,55,170,88,82,76,246
9467,M,65,62,53,180,91,96,78,265
9468,F,66,67,67,200,99,75,94,268
9469,F,66,67,64,197,95,97,53,245
9470,M,46,47,46,139,16,5,25,46
9471,M,56,67,54,177,94,89,78,261
9472,M,58,51,54,163,54,44,37,135
9473,F,82,73,82,237,89,95,90,274
9474,F,61,58,70,189,70,40,78,188
9475,F,43,43,46,132,14,2,13,29
9476,F,68,67,54,189,22,78,41,141
9477,M,72,67,74,213,75,81,91,247
9478,F,56,43,50,149,27,76,42,145
9479,F,55,58,62,175,74,67,88,229
9480,F,77,82,100,259,99,92,99,290
9481,F,54,60,44,158,14,8,13,35
9482,F,68,60,62,190,71,74,89,234
9483,M,50,49,43,142,38,39,38,115
9484,M,45,48,54,147,51,23,80,154
9485,M,58,65,49,172,63,73,17,153
9486,M,57,65,60,182,14,9,64,87
9487,M,57,49,48,154,47,61,3,111
9488,M,61,54,76,191,78,75,97,250
9489,M,57,60,50,167,46,30,24,100
9490,M,56,73,50,179,84,61,17,162
9491,F,57,60,50,167,38,69,71,178
9492,M,56,49,53,158,46,22,3,71
9493,M,64,51,58,173,35,9,23,67
9494,M,62,58,36,156,95,71,20,186
9495,M,45,62,43,150,49,42,66,157
9496,M,74,73,80,227,97,97,100,294
9497,M,64,65,67,196,33,94,83,210
9498,F,63,56,52,171,89,63,62,214
9499,F,55,52,50,157,29,20,38,87
9500,F,55,54,46,155,55,51,57,163
9501,M,45,48,44,137,51,76,66,193
9502,F,61,70,80,211,95,88,93,276
9503,M,61,62,82,205,66,30,90,186
9504,F,51,52,46,149,14,27,20,61
9505,F,28,43,42,113,39,30,2,71
9506,M,61,46,49,156,57,52,34,143
9507,F,55,62,55,172,51,36,64,151
9508,F,59,67,48,174,98,99,62,259
9509,F,56,65,52,173,45,62,32,139
9510,M,58,55,57,170,93,59,67,219
9511,M,60,56,58,174,94,83,90,267
9512,F,62,53,46,161,39,67,71,177
9513,F,58,65,55,178,97,76,57,230
9514,M,66,73,78,217,80,90,88,258
9515,M,64,52,59,175,77,5,80,162
9516,M,81,82,49,212,95,97,82,274
9517,F,54,60,52,166,29,64,53,146
9518,M,66,58,55,179,73,90,81,244
9519,F,60,62,59,181,88,62,85,235
9520,M,69,62,53,184,70,97,78,245
9521,F,64,70,70,204,19,31,73,123
9522,F,64,54,67,185,57,68,81,206
9523,M,48,49,64,161,40,71,81,192
9524,F,53,58,44,155,61,61,36,158
9525,F,43,51,52,146,25,51,51,127
9526,F,54,47,54,155,72,87,45,204
9527,M,72,82,55,209,92,86,35,213
9528,F,45,54,52,151,22,30,26,78
9529,F,45,33,52,130,9,40,7,56
9530,M,59,56,57,172,79,63,69,211
9531,M,48,47,44,139,40,32,26,98
9532,F,52,49,46,147,58,59,37,154
9533,F,45,36,49,130,12,9,51,72
9534,M,43,65,50,158,73,14,65,152
9535,M,64,67,68,199,86,58,91,235
9536,F,56,58,58,172,22,18,54,94
9537,M,56,62,64,182,63,79,82,224
9538,F,81,77,67,225,98,99,91,288
9539,M,45,47,48,140,12,34,72,118
9540,F,65,64,48,177,90,19,86,195
9541,M,38,40,39,117,19,40,19,78
9542,F,71,65,58,194,87,75,69,231
9543,F,66,56,58,180,70,52,72,194
9544,F,43,54,43,140,61,37,23,121
9545,F,61,58,49,168,76,86,43,205
9546,F,46,51,39,136,21,4,3,28
9547,M,86,77,78,241,2,79,87,168
9548,F,56,65,44,165,22,4,18,44
9549,M,67,67,90,224,95,85,92,272
9550,F,59,60,82,201,62,72,90,224
9551,M,77,73,78,228,80,81,94,255
9552,M,64,62,50,176,95,47,90,232
9553,F,62,53,53,168,60,75,77,212
9554,M,58,56,40,154,1,4,40,45
9555,M,57,62,42,161,33,63,23,119
9556,F,56,52,67,175,54,58,90,202
9557,F,64,60,95,219,95,52,95,242
9558,M,69,67,48,184,95,90,41,226
9559,M,59,58,43,160,64,80,78,222
9560,M,66,70,68,204,88,82,87,257
9561,F,46,36,40,122,7,22,9,38
9562,M,38,33,43,114,3,4,10,17
9563,M,43,60,49,152,77,52,58,187
9564,M,57,67,65,189,81,87,83,251
9565,F,61,64,62,187,82,29,98,209
9566,F,42,54,50,146,42,56,52,150
9567,M,64,62,57,183,52,66,76,194
9568,M,71,77,59,207,99,91,78,268
9569,M,70,66,85,221,84,8,99,191
9570,M,45,55,52,152,18,22,45,85
9571,M,53,56,59,168,31,10,90,131
9572,M,69,67,72,208,97,78,92,267
9573,M,74,67,74,215,55,98,90,243
9574,M,64,77,80,221,100,96,99,295
9575,M,66,62,72,200,37,46,96,179
9576,F,57,70,53,180,86,45,47,178
9577,M,58,64,52,174,87,88,48,223
9578,M,71,65,54,190,90,97,88,275
9579,F,47,50,50,147,34,20,46,100
9580,F,54,60,58,172,59,64,70,193
9581,F,78,64,72,214,92,88,87,267
9582,F,74,64,95,233,92,86,98,276
9583,F,64,70,70,204,67,87,98,252
9584,M,52,36,57,145,25,3,10,38
9585,F,69,70,72,211,80,83,81,244
9586,M,59,60,46,165,57,57,53,167
9587,M,47,56,53,156,21,4,59,84
9588,M,43,36,57,136,4,28,63,95
9589,M,55,52,54,161,4,19,63,86
9590,M,58,56,70,184,93,98,90,281
9591,F,70,64,68,202,44,87,94,225
9592,M,61,58,49,168,64,31,83,178
9593,M,46,56,46,148,13,29,26,68
9594,F,49,64,48,161,19,67,68,154
9595,M,57,64,78,199,97,97,85,279
9596,F,66,62,68,196,69,89,96,254
9597,M,57,56,53,166,18,21,47,86
9598,M,57,62,68,187,36,6,85,127
9599,F,71,70,72,213,96,74,99,269
9600,F,64,56,43,163,87,82,73,242
9601,F,64,73,60,197,88,78,77,243
9602,F,50,53,46,149,51,43,52,146
9603,M,68,65,67,200,4,89,82,175
9604,F,64,62,55,181,89,72,76,237
9605,F,77,67,65,209,57,98,84,239
9606,M,48,55,62,165,59,43,73,175
9607,M,69,67,68,204,92,96,86,274
9608,M,50,56,53,159,46,21,38,105
9609,M,49,50,44,143,82,40,34,156
9610,M,61,52,46,159,26,40,83,149
9611,F,51,60,58,169,27,53,41,121
9612,F,57,56,43,156,12,58,2,72
9613,M,87,77,74,238,90,88,97,275
9614,F,58,58,64,180,92,35,74,201
9615,M,66,70,72,208,74,72,83,229
9616,M,69,70,80,219,91,92,96,279
9617,F,81,77,95,253,97,99,99,295
9618,M,62,60,68,190,63,85,77,225
9619,M,56,58,53,167,100,86,56,242
9620,M,41,45,55,141,47,5,31,83
9621,M,59,50,50,159,90,55,61,206
9622,F,35,44,46,125,62,12,40,114
9623,M,62,56,60,178,69,59,81,209
9624,F,75,64,90,229,77,26,95,198
9625,M,41,43,50,134,11,6,18,35
9626,F,60,58,62,180,27,24,87,138
9627,M,53,52,43,148,82,42,50,174
9628,M,81,67,60,208,74,78,83,235
9629,F,52,49,50,151,71,76,69,216
9630,M,52,39,49,140,41,18,50,109
9631,M,72,70,78,220,98,95,94,287
9632,F,71,65,74,210,85,81,92,258
9633,M,50,53,50,153,40,6,3,49
9634,F,62,60,52,174,69,14,69,152
9635,F,57,53,50,160,25,33,25,83
9636,M,57,60,54,171,62,64,27,153
9637,M,58,60,44,162,64,66,20,150
9638,M,45,40,50,135,10,4,69,83
9639,F,60,58,55,173,27,9,56,92
9640,F,43,49,43,135,18,2,50,70
9641,M,59,82,67,208,99,85,93,277
9642,M,74,77,76,227,87,88,89,264
9643,F,64,55,40,159,64,29,16,109
9644,F,52,53,50,155,51,45,55,151
9645,M,68,62,54,184,76,67,60,203
9646,F,77,65,67,209,91,16,81,188
9647,F,75,77,90,242,91,87,94,272
9648,F,61,65,60,186,72,12,56,140
9649,F,61,48,62,171,43,51,79,173
9650,F,61,58,44,163,75,71,60,206
9651,F,64,56,68,188,90,82,80,252
9652,F,66,60,44,170,70,6,73,149
9653,F,58,58,59,175,73,15,73,161
9654,M,71,65,67,203,74,83,78,235
9655,F,55,48,49,152,90,60,46,196
9656,F,63,54,39,156,67,29,40,136
9657,F,61,60,52,173,96,92,60,248
9658,F,66,65,72,203,94,98,92,284
9659,F,49,44,48,141,20,31,25,76
9660,M,54,56,48,158,10,22,64,96
9661,M,56,62,58,176,70,43,76,189
9662,M,66,62,43,171,66,60,64,190
9663,M,56,60,57,173,4,83,79,166
9664,M,55,54,57,166,81,52,39,172
9665,F,47,54,50,151,29,55,66,150
9666,F,41,49,53,143,44,8,67,119
9667,M,74,73,58,205,79,88,71,238
9668,F,68,67,55,190,78,73,43,194
9669,M,51,50,43,144,38,20,8,66
9670,F,74,64,59,197,85,94,64,243
9671,M,59,52,55,166,70,81,60,211
9672,M,48,67,90,205,46,86,95,227
9673,F,55,60,74,189,82,44,90,216
9674,F,54,60,58,172,91,47,40,178
9675,F,50,56,50,156,35,10,28,73
9676,F,43,41,46,130,26,30,16,72
9677,M,52,51,53,156,62,47,71,180
9678,M,54,53,54,161,28,21,64,113
9679,M,66,67,58,191,51,53,74,178
9680,F,56,54,53,163,82,66,71,219
9681,M,60,56,43,159,40,31,23,94
9682,M,77,91,80,248,92,99,97,288
9683,M,48,39,44,131,41,46,23,110
9684,M,66,70,58,194,95,94,84,273
9685,M,52,53,49,154,24,15,56,95
9686,F,36,35,38,109,29,19,12,60
9687,M,63,64,55,182,93,96,78,267
9688,F,66,73,43,182,94,75,44,213
9689,M,45,46,44,135,20,12,8,40
9690,M,56,55,43,154,29,6,75,110
9691,M,62,70,43,175,78,79,3,160
9692,M,81,67,54,202,65,76,51,192
9693,M,61,56,52,169,28,51,23,102
9694,F,50,58,40,148,49,27,49,125
9695,F,56,58,49,163,23,24,47,94
9696,F,42,40,49,131,7,19,29,55
9697,F,41,43,50,134,30,54,26,110
9698,M,38,49,40,127,47,16,13,76
9699,M,78,82,58,218,70,78,7,155
9700,F,69,56,58,183,76,68,87,231
9701,F,69,70,72,211,58,1,84,143
9702,M,66,73,74,213,23,31,83,137
9703,F,71,77,70,218,72,85,84,241
9704,M,57,58,55,170,45,50,33,128
9705,M,74,91,95,260,90,100,97,287
9706,F,74,67,62,203,78,78,41,197
9707,F,49,48,55,152,73,50,45,168
9708,M,71,77,78,226,88,96,95,279
9709,M,74,70,82,226,100,85,98,283
9710,F,38,49,46,133,13,64,25,102
9711,F,43,44,46,133,42,47,56,145
9712,F,68,62,50,180,43,13,54,110
9713,F,71,70,59,200,82,50,35,167
9714,M,57,62,49,168,63,80,59,202
9715,F,41,33,43,117,65,64,12,141
9716,F,69,65,52,186,75,86,79,240
9717,M,62,77,64,203,76,93,80,249
9718,M,66,73,62,201,62,79,71,212
9719,F,55,50,55,160,31,43,80,154
9720,F,66,70,54,190,70,65,51,186
9721,M,55,54,53,162,81,78,84,243
9722,M,66,55,95,216,92,83,95,270
9723,F,53,50,57,160,79,76,74,229
9724,M,81,77,62,220,75,7,64,146
9725,M,75,73,85,233,100,100,95,295
9726,M,55,54,40,149,50,20,13,83
9727,F,54,55,36,145,33,27,33,93
9728,F,58,62,53,173,66,57,30,153
9729,F,57,56,62,175,36,26,71,133
9730,M,69,73,57,199,85,96,69,250
9731,F,82,73,70,225,99,91,87,277
9732,F,66,65,49,180,86,96,62,244
9733,F,65,60,46,171,54,75,59,188
9734,M,31,31,48,110,40,22,51,113
9735,M,49,58,54,161,21,11,13,45
9736,M,81,77,82,240,100,96,95,291
9737,M,68,77,80,225,96,65,95,256
9738,M,65,73,55,193,57,63,67,187
9739,F,61,58,43,162,61,77,41,179
9740,F,58,65,53,176,51,75,61,187
9741,M,71,58,53,182,34,52,79,165
9742,F,59,49,57,165,33,78,59,170
9743,M,66,54,59,179,76,79,81,236
9744,F,45,52,48,145,22,16,8,46
9745,F,51,50,49,150,33,22,31,86
9746,F,49,60,50,159,43,49,46,138
9747,F,35,47,43,125,9,2,40,51
9748,F,62,60,64,186,70,50,80,200
9749,M,64,56,52,172,75,25,56,156
9750,M,66,70,80,216,74,78,95,247
9751,M,52,55,57,164,75,56,87,218
9752,F,55,58,55,168,83,22,40,145
9753,F,56,55,54,165,75,86,82,243
9754,M,45,54,48,147,56,84,81,221
9755,F,47,40,44,131,8,32,7,47
9756,M,37,46,42,125,25,14,67,106
9757,M,45,40,49,134,21,2,70,93
9758,M,64,60,49,173,69,87,88,244
9759,M,61,60,70,191,45,39,91,175
9760,F,56,62,52,170,74,87,62,223
9761,M,49,58,59,166,38,42,40,120
9762,M,66,67,49,182,75,57,77,209
9763,F,74,67,80,221,100,72,93,265
9764,M,87,82,67,236,95,94,96,285
9765,M,67,64,78,209,94,95,92,281
9766,M,78,62,70,210,99,86,95,280
9767,M,69,60,46,175,89,70,82,241
9768,F,81,77,70,228,91,92,96,279
9769,M,66,58,57,181,66,88,66,220
9770,M,77,65,80,222,94,99,94,287
9771,M,59,60,68,187,5,6,80,91
9772,M,69,90,65,224,90,92,89,271
9773,M,69,73,82,224,71,84,90,245
9774,M,68,70,53,191,63,94,32,189
9775,M,50,58,48,156,53,43,62,158
9776,M,59,56,49,164,4,16,3,23
9777,M,87,73,80,240,93,98,96,287
9778,M,58,53,70,181,56,42,74,172
9779,F,51,52,54,157,44,52,11,107
9780,M,64,70,64,198,85,27,80,192
9781,M,52,51,53,156,44,51,71,166
9782,M,43,39,42,124,33,23,30,86
9783,M,55,67,44,166,63,91,42,196
9784,M,35,37,44,116,15,34,5,54
9785,M,45,50,43,138,52,18,35,105
9786,F,70,57,55,182,80,81,68,229
9787,M,41,36,43,120,14,5,13,32
9788,M,55,50,39,144,88,3,63,154
9789,M,56,49,46,151,64,79,46,189
9790,F,74,65,65,204,59,74,72,205
9791,M,35,40,50,125,20,4,28,52
9792,M,71,67,49,187,61,63,21,145
9793,M,64,56,49,169,54,55,26,135
9794,F,45,45,59,149,43,30,70,143
9795,M,81,91,72,244,95,95,95,285
9796,M,56,53,71,180,55,70,86,211
9797,M,62,49,44,155,39,17,44,100
9798,M,64,55,64,183,69,85,73,227
9799,M,66,58,58,182,69,36,72,177
9800,F,63,56,57,176,76,29,18,123
9801,F,49,58,44,151,22,74,29,125
9802,M,54,58,44,156,20,7,52,79
9803,M,64,56,43,163,63,37,7,107
9804,F,56,56,48,160,77,85,81,243
9805,F,60,54,57,171,58,83,76,217
9806,M,54,49,48,151,55,32,54,141
9807,M,55,60,55,170,83,65,36,184
9808,F,50,56,49,155,61,59,61,181
9809,M,43,50,46,139,37,24,27,88
9810,M,59,58,43,160,75,76,36,187
9811,F,62,55,68,185,73,68,82,223
9812,M,53,62,43,158,32,78,49,159
9813,F,56,62,46,164,21,49,56,126
9814,M,81,77,54,212,100,99,71,270
9815,M,71,90,68,229,98,96,84,278
9816,M,62,77,65,204,72,51,88,211
9817,F,63,62,58,183,93,62,68,223
9818,F,60,60,57,177,66,74,87,227
9819,M,53,56,53,162,52,75,78,205
9820,F,52,56,60,168,35,31,42,108
9821,M,51,58,42,151,47,56,57,160
9822,F,63,73,54,190,68,82,77,227
9823,M,40,54,49,143,50,3,32,85
9824,M,45,56,48,149,20,32,16,68
9825,M,54,55,55,164,59,23,81,163
9826,M,56,47,42,145,21,2,48,71
9827,M,56,55,64,175,44,37,83,164
9828,F,55,44,54,153,63,72,73,208
9829,F,43,53,49,145,4,7,33,44
9830,M,66,58,59,183,93,92,73,258
9831,F,59,55,59,173,78,71,84,233
9832,F,72,64,65,201,86,78,72,236
9833,M,87,77,76,240,92,91,87,270
9834,M,73,70,96,239,81,93,100,274
9835,M,55,58,48,161,67,17,35,119
9836,F,53,42,54,149,8,12,62,82
9837,M,68,65,65,198,77,86,79,242
9838,M,53,58,52,163,35,30,74,139
9839,M,71,67,72,210,90,97,81,268
9840,F,61,62,76,199,92,91,92,275
9841,M,54,51,38,143,89,12,41,142
9842,M,60,54,59,173,83,69,88,240
9843,F,60,56,52,168,86,55,62,203
9844,M,64,67,78,209,87,84,91,262
9845,F,81,62,64,207,99,95,83,277
9846,M,61,55,85,201,64,75,96,235
9847,M,69,66,88,223,98,93,88,279
9848,F,58,70,70,198,76,36,79,191
9849,M,69,73,60,202,75,83,89,247
9850,M,57,58,80,195,77,76,91,244
9851,M,62,53,65,180,68,89,90,247
9852,M,71,67,64,202,52,85,95,232
9853,M,65,62,78,205,94,99,96,289
9854,M,72,60,76,208,83,95,100,278
9855,M,60,62,65,187,33,81,93,207
9856,F,66,62,58,186,82,18,78,178
9857,M,57,73,85,215,84,35,99,218
9858,M,66,60,76,202,96,95,86,277
9859,F,65,62,54,181,97,87,76,260
9860,M,54,49,50,153,62,81,76,219
9861,M,64,70,74,208,76,87,91,254
9862,M,67,70,50,187,81,91,38,210
9863,M,71,73,82,226,99,100,84,283
9864,M,60,60,76,196,98,90,99,287
9865,M,47,54,60,161,60,24,84,168
9866,M,49,54,44,147,23,69,46,138
9867,M,69,67,64,200,95,77,84,256
9868,M,65,64,64,193,90,44,92,226
9869,M,60,54,62,176,71,74,70,215
9870,M,67,54,72,193,75,84,82,241
9871,M,78,77,85,240,100,100,96,296
9872,F,75,62,59,196,90,77,98,265
9873,M,60,58,52,170,39,6,24,69
9874,M,43,39,43,125,23,10,46,79
9875,M,57,62,52,171,53,54,75,182
9876,M,64,60,52,176,41,21,59,121
9877,M,61,73,64,198,98,55,67,220
9878,M,64,67,60,191,81,70,79,230
9879,M,62,67,48,177,72,76,78,226
9880,M,53,56,54,163,73,64,69,206
9881,M,51,50,50,151,34,54,71,159
9882,F,57,55,49,161,43,76,12,131
9883,F,43,49,50,142,25,58,31,114
9884,F,66,58,68,192,41,68,79,188
9885,F,59,62,68,189,79,68,81,228
9886,M,61,67,53,181,88,82,74,244
9887,M,69,70,76,215,93,90,85,268
9888,M,60,52,90,202,54,65,93,212
9889,M,55,60,60,175,13,77,82,172
9890,M,65,58,57,180,47,22,74,143
9891,M,53,52,46,151,25,57,44,126
9892,M,71,62,82,215,74,91,96,261
9893,M,57,58,50,165,89,84,77,250
9894,M,50,53,52,155,51,39,25,115
9895,F,51,56,49,156,74,88,51,213
9896,M,66,56,58,180,57,91,73,221
9897,M,59,62,44,165,75,3,54,132
9898,M,53,48,49,150,76,3,73,152
9899,M,51,54,54,159,8,45,67,120
9900,F,54,56,46,156,53,62,30,145
9901,M,63,64,95,222,72,71,93,236
9902,M,64,58,65,187,37,1,67,105
9903,M,57,70,44,171,56,80,54,190
9904,M,67,62,68,197,33,55,77,165
9905,M,68,82,95,245,95,89,100,284
9906,F,56,77,50,183,85,89,47,221
9907,F,49,54,65,168,41,44,54,139
9908,F,49,54,62,165,52,33,60,145
9909,F,57,58,59,174,48,68,54,170
9910,F,56,56,67,179,82,77,82,241
9911,M,50,55,50,155,43,84,68,195
9912,M,50,65,48,163,74,57,18,149
9913,M,71,60,76,207,80,79,91,250
9914,F,48,58,58,164,34,60,54,148
9915,M,48,55,48,151,36,36,26,98
9916,F,50,58,43,151,21,37,24,82
9917,M,49,67,44,160,41,43,66,150
9918,M,63,57,73,193,57,74,89,220
9919,F,59,49,43,151,31,69,53,153
9920,M,69,65,82,216,88,76,83,247
9921,M,56,55,49,160,58,81,68,207
9922,F,60,55,58,173,2,15,75,92
9923,F,56,58,59,173,23,39,84,146
9924,F,59,62,80,201,69,67,89,225
9925,F,49,58,74,181,63,73,92,228
9926,F,41,43,40,124,48,19,3,70
9927,F,56,58,59,173,22,43,68,133
9928,M,77,73,90,240,96,91,97,284
9929,M,52,60,46,158,69,61,33,163
9930,F,66,62,68,196,89,56,77,222
9931,M,28,41,40,109,19,8,4,31
9932,M,66,67,70,203,48,90,94,232
9933,M,64,70,53,187,67,1,60,128
9934,F,69,56,59,184,84,27,62,173
9935,M,49,54,50,153,28,72,53,153
9936,M,50,51,53,154,71,76,69,216
9937,F,68,58,67,193,57,68,84,209
9938,F,56,53,43,152,90,72,66,228
9939,F,58,56,49,163,77,48,79,204
9940,M,38,53,52,143,8,22,33,63
9941,M,46,45,43,134,23,57,7,87
9942,M,56,53,52,161,80,85,65,230
9943,M,48,43,52,143,52,44,11,107
9944,F,71,67,95,233,94,99,97,290
9945,M,66,51,48,165,40,1,59,100
9946,F,53,52,60,165,2,8,77,87
9947,M,49,62,49,160,59,63,30,152
9948,F,77,62,60,199,99,81,90,270
9949,F,81,77,62,220,98,94,75,267
9950,M,49,60,49,158,34,53,61,148
9951,M,57,58,54,169,73,83,20,176
9952,F,55,50,44,149,37,53,62,152
9953,M,60,58,60,178,95,99,84,278
9954,M,68,62,62,192,57,71,72,200
9955,F,72,77,100,249,97,95,95,287
9956,F,66,62,62,190,82,93,95,270
9957,F,69,67,95,231,86,95,97,278
9958,F,56,60,44,160,66,59,68,193
9959,F,69,73,85,227,98,90,98,286
9960,M,42,50,43,135,25,25,25,75
9961,F,77,90,100,267,96,97,99,292
9962,M,53,56,59,168,10,61,60,131
9963,F,63,67,59,189,84,41,91,216
9964,F,56,48,42,146,61,32,32,125
9965,M,60,67,53,180,89,16,67,172
9966,F,71,62,74,207,78,63,77,218
9967,M,57,56,50,163,30,79,52,161
9968,F,65,60,52,177,55,46,13,114
9969,M,65,77,67,209,84,65,96,245
9970,M,58,58,50,166,18,76,34,128
9971,F,64,67,70,201,92,74,75,241
9972,F,77,70,85,232,92,97,99,288
9973,M,56,55,48,159,67,61,44,172
9974,M,55,54,58,167,89,79,46,214
9975,M,65,64,54,183,81,72,79,232
9976,M,45,44,52,141,13,61,56,130
9977,F,60,56,54,170,64,42,62,168
9978,M,49,56,59,164,20,27,58,105
9979,F,71,53,64,188,67,68,89,224
9980,M,47,54,50,151,38,13,40,91
9981,F,48,51,50,149,24,28,63,115
9982,M,43,43,54,140,6,14,11,31
9983,M,71,73,70,214,83,90,89,262
9984,M,58,58,40,156,87,84,49,220
9985,F,71,73,67,211,97,75,91,263
9986,F,60,42,53,155,69,49,42,160
9987,M,59,55,49,163,80,70,49,199
9988,M,67,67,95,229,87,97,97,281
9989,M,68,62,80,210,97,94,89,280
9990,M,56,52,67,175,78,67,69,214
9991,M,45,37,59,141,2,3,73,78
9992,F,64,62,62,188,71,85,78,234
9993,M,74,82,85,241,100,100,98,298
9994,M,57,62,65,184,54,14,79,147
9995,M,57,50,52,159,29,37,58,124
9996,F,57,62,58,177,63,58,43,164
9997,M,61,73,58,192,42,93,69,204
9998,M,61,64,49,174,90,78,70,238
9999,M,62,73,53,188,49,55,59,163
10000,M,51,48,46,145,54,66,58,178
10001,M,56,60,74,190,54,83,93,230
10002,F,69,62,76,207,80,92,89,261
10003,M,49,52,55,156,57,59,67,183
10004,F,52,58,43,153,41,40,66,147
10005,F,57,56,59,172,46,67,45,158
10006,M,61,52,57,170,21,34,28,83
10007,M,52,58,55,165,46,55,73,174
10008,M,56,62,48,166,73,66,61,200
10009,M,46,53,55,154,5,49,56,110
10010,F,66,60,57,183,95,90,83,268
10011,M,61,54,52,167,73,37,65,175
10012,M,66,64,48,178,72,84,58,214
10013,M,77,82,78,237,93,91,100,284
10014,M,78,90,60,228,91,91,49,231
10015,M,75,90,46,211,90,99,63,252
10016,M,65,67,76,208,84,92,82,258
10017,F,58,67,50,175,83,85,81,249
10018,F,63,56,82,201,91,60,84,235
10019,M,48,53,50,151,3,21,52,76
10020,F,63,50,59,172,93,92,55,240
10021,M,75,82,76,233,97,92,85,274
10022,M,47,50,44,141,6,40,20,66
10023,M,55,67,55,177,59,76,82,217
10024,M,57,53,64,174,71,16,69,156
10025,F,59,58,48,165,55,47,18,120
10026,F,81,62,72,215,97,54,88,239
10027,M,55,60,50,165,47,37,17,101
10028,M,61,62,49,172,47,45,72,164
10029,M,82,82,64,228,99,100,84,283
10030,M,58,58,64,180,88,70,90,248
10031,F,72,67,95,234,86,86,91,263
10032,F,68,65,54,187,80,18,53,151
10033,F,74,77,82,233,88,78,95,261
10034,F,47,52,46,145,19,37,58,114
10035,F,58,52,52,162,50,66,77,193
10036,M,74,70,59,203,80,93,76,249
10037,F,62,65,60,187,87,99,68,254
10038,M,74,65,85,224,86,70,98,254
10039,M,41,33,50,124,4,7,83,94
10040,M,60,62,64,186,89,78,69,236
10041,F,52,47,49,148,17,16,15,48
10042,M,51,62,52,165,52,54,60,166
10043,M,61,70,65,196,83,64,86,233
10044,F,67,77,85,229,74,83,88,245
10045,F,66,56,67,189,59,60,90,209
10046,M,78,77,95,250,91,92,100,283
10047,F,66,60,80,206,63,84,99,246
10048,M,69,55,48,172,61,39,5,105
10049,M,59,56,40,155,56,66,41,163
10050,F,52,55,48,155,13,1,64,78
10051,M,54,49,54,157,3,32,62,97
10052,M,43,43,39,125,18,47,46,111
10053,F,71,62,55,188,92,94,57,243
10054,M,69,73,90,232,89,99,98,286
10055,M,67,62,68,197,79,57,90,226
10056,M,71,67,74,212,89,72,95,256
10057,M,74,67,95,236,96,96,92,284
10058,F,43,36,46,125,28,41,26,95
10059,M,64,77,64,205,65,74,81,220
10060,M,65,48,57,170,3,3,37,43
10061,M,61,48,58,167,85,44,72,201
10062,F,41,43,40,124,53,20,8,81
10063,M,58,62,64,184,24,60,67,151
10064,M,56,58,64,178,85,58,48,191
10065,M,64,62,80,206,86,87,77,250
10066,F,64,56,65,185,55,58,86,199
10067,F,64,67,80,211,89,93,92,274
10068,F,56,49,53,158,86,87,59,232
10069,F,53,54,65,172,82,46,80,208
10070,M,56,56,59,171,61,45,88,194
10071,M,56,43,42,141,85,59,18,162
10072,M,56,62,53,171,12,47,51,110
10073,F,71,60,78,209,74,91,88,253
10074,F,63,60,64,187,99,84,89,272
10075,M,53,62,53,168,50,19,49,118
10076,F,66,56,74,196,94,76,88,258
10077,F,46,55,50,151,65,51,38,154
10078,F,53,52,44,149,2,54,31,87
10079,M,81,65,82,228,93,81,90,264
10080,F,67,58,48,173,56,79,65,200
10081,M,67,60,58,185,90,72,77,239
10082,M,56,60,43,159,29,61,85,175
10083,M,74,91,90,255,96,98,100,294
10084,M,62,73,59,194,78,62,90,230
10085,F,58,65,54,177,76,76,74,226
10086,M,75,60,74,209,92,95,93,280
10087,M,52,53,43,148,77,65,9,151
10088,M,56,55,34,145,11,21,57,89
10089,M,67,77,85,229,74,67,95,236
10090,M,66,82,76,224,78,10,97,185
10091,M,64,65,80,209,41,48,89,178
10092,M,72,64,80,216,93,72,94,259
10093,M,77,73,85,235,99,98,90,287
10094,M,68,82,85,235,87,95,97,279
10095,M,59,60,53,172,59,35,69,163
10096,M,87,90,95,272,99,96,99,294
10097,F,77,67,90,234,91,86,91,268
10098,M,100,77,100,277,85,99,98,282
10099,M,74,70,80,224,93,91,94,278
10100,M,65,67,82,214,13,43,95,151
10101,M,68,67,85,220,55,5,93,153
10102,F,77,70,78,225,60,76,88,224
10103,F,77,70,90,237,91,3,99,193
10104,M,64,73,90,227,95,77,94,266
10105,F,62,65,76,203,39,47,84,170
10106,M,48,43,57,148,15,26,61,102
10107,F,75,77,82,234,99,95,100,294
10108,F,71,73,80,224,93,82,97,272
10109,M,53,42,48,143,8,35,66,109
10110,M,86,82,85,253,100,93,90,283
10111,M,56,65,53,174,76,68,76,220
10112,M,40,48,49,137,36,21,28,85
10113,M,60,48,50,158,34,50,64,148
10114,F,62,52,50,164,30,38,46,114
10115,F,61,58,50,169,16,4,41,61
10116,M,59,64,70,193,70,70,82,222
10117,M,49,48,55,152,50,50,45,145
10118,M,60,53,59,172,87,24,57,168
10119,M,67,70,85,222,93,89,92,274
10120,F,52,65,52,169,73,56,22,151
10121,M,49,60,34,143,35,34,48,117
10122,F,60,67,70,197,85,86,92,263
10123,M,56,51,64,171,55,45,86,186
10124,M,55,54,62,171,31,50,75,156
10125,M,67,70,65,202,84,82,80,246
10126,M,67,82,49,198,53,85,73,211
10127,M,64,70,48,182,81,39,43,163
10128,M,58,48,44,150,45,24,57,126
10129,F,35,39,40,114,23,30,12,65
10130,M,56,62,62,180,83,64,77,224
10131,M,61,64,67,192,42,51,80,173
10132,M,52,55,55,162,62,57,77,196
10133,M,53,62,62,177,61,63,85,209
10134,M,74,77,90,241,89,92,95,276
10135,M,55,46,54,155,68,18,45,131
10136,F,77,70,90,237,54,71,95,220
10137,F,81,77,100,258,93,100,98,291
10138,F,81,67,57,205,90,94,79,263
10139,M,69,56,52,177,96,95,86,277
10140,M,60,70,76,206,30,80,84,194
10141,M,60,65,78,203,22,42,92,156
10142,M,52,60,50,162,39,45,51,135
10143,M,48,49,54,151,12,57,47,116
10144,M,71,67,74,212,81,7,84,172
10145,M,71,67,76,214,93,84,85,262
10146,M,45,44,48,137,21,10,21,52
10147,M,74,77,90,241,84,76,96,256
10148,F,50,47,46,143,3,32,52,87
10149,M,77,77,80,234,98,89,86,273
10150,M,72,64,52,188,94,55,73,222
10151,M,81,73,74,228,79,90,91,260
10152,M,61,77,72,210,94,91,87,272
10153,F,66,60,60,186,60,3,83,146
10154,M,70,68,78,216,99,100,97,296
10155,M,57,50,62,169,81,87,64,232
10156,M,28,45,43,116,10,7,49,66
10157,M,65,64,57,186,48,92,79,219
10158,F,65,70,49,184,69,56,79,204
10159,M,43,55,44,142,29,7,49,85
10160,M,56,65,54,175,80,76,80,236
10161,M,71,70,100,241,78,84,98,260
10162,F,66,65,100,231,99,99,100,298
10163,M,58,58,50,166,38,31,31,100
10164,F,59,65,80,204,87,80,93,260
10165,M,58,62,58,178,24,48,78,150
10166,M,67,56,80,203,20,9,89,118
10167,F,64,67,78,209,91,89,93,273
10168,F,75,60,68,203,94,97,89,280
10169,F,62,53,55,170,92,41,85,218
10170,M,62,65,59,186,88,68,40,196
10171,M,77,73,85,235,79,74,92,245
10172,M,56,55,52,163,60,66,51,177
10173,F,48,39,57,144,49,27,68,144
10174,F,71,70,80,221,94,97,95,286
10175,F,66,62,57,185,84,71,71,226
10176,M,49,54,44,147,36,49,54,139
10177,M,56,48,43,147,35,68,35,138
10178,M,71,73,90,234,97,93,98,288
10179,F,59,67,55,181,66,91,69,226
10180,F,45,48,43,136,9,25,40,74
10181,F,74,56,55,185,54,48,75,177
10182,F,45,50,43,138,5,24,34,63
10183,M,43,39,40,122,20,8,3,31
10184,M,57,52,49,158,51,76,44,171
10185,F,50,51,44,145,60,27,47,134
10186,M,37,50,64,151,62,32,25,119
10187,F,51,48,50,149,50,30,37,117
10188,F,61,62,59,182,94,95,74,263
10189,M,54,51,46,151,98,88,79,265
10190,F,74,77,60,211,98,86,86,270
10191,F,64,62,40,166,56,73,78,207
10192,M,50,55,39,144,60,47,43,150
10193,M,52,56,58,166,12,53,57,122
10194,M,60,60,70,190,35,1,75,111
10195,M,57,60,52,169,95,80,64,239
10196,M,71,62,72,205,92,90,77,259
10197,F,66,58,62,186,99,64,86,249
10198,M,59,67,70,196,81,95,85,261
10199,M,60,70,70,200,79,61,90,230
10200,M,64,73,55,192,85,86,70,241
10201,M,62,55,49,166,79,59,80,218
10202,F,67,64,55,186,70,29,60,159
10203,M,66,58,76,200,80,100,82,262
10204,F,43,49,52,144,44,31,30,105
10205,M,63,56,52,171,65,14,60,139
10206,F,59,50,53,162,7,37,64,108
10207,M,47,46,49,142,70,45,59,174
10208,M,54,45,36,135,9,50,16,75
10209,F,58,51,50,159,51,55,60,166
10210,M,56,53,53,162,72,66,29,167
10211,F,40,52,55,147,64,84,33,181
10212,M,53,67,65,185,95,82,90,267
10213,M,66,62,57,185,95,30,79,204
10214,M,46,49,52,147,87,39,51,177
10215,M,35,40,42,117,87,67,42,196
10216,M,55,56,60,171,84,43,71,198
10217,M,54,53,62,169,72,24,21,117
10218,M,43,47,46,136,25,13,35,73
10219,M,59,56,44,159,30,27,47,104
10220,F,63,62,67,192,91,86,77,254
10221,M,60,58,68,186,70,69,91,230
10222,F,56,49,53,158,40,25,67,132
10223,F,64,58,72,194,84,83,88,255
10224,M,63,67,80,210,50,69,85,204
10225,M,54,56,80,190,50,17,85,152
10226,M,66,64,54,184,76,76,83,235
10227,F,47,44,53,144,31,40,49,120
10228,F,77,64,76,217,100,95,91,286
10229,M,48,49,52,149,76,21,24,121
10230,M,58,67,68,193,46,89,87,222
10231,M,61,62,67,190,94,8,86,188
10232,F,72,64,49,185,77,84,52,213
10233,M,56,58,68,182,68,74,75,217
10234,F,51,56,46,153,68,91,7,166
10235,M,67,64,58,189,79,84,76,239
10236,F,66,60,65,191,92,21,76,189
10237,M,50,53,49,152,26,74,57,157
10238,M,54,58,58,170,69,72,66,207
10239,F,54,47,52,153,41,36,47,124
10240,M,54,53,39,146,18,45,42,105
10241,M,71,70,82,223,86,88,98,272
10242,M,68,70,70,208,92,92,93,277
10243,M,56,58,43,157,15,48,11,74
10244,M,65,54,55,174,2,7,54,63
10245,F,81,67,59,207,95,99,59,253
10246,M,54,47,59,160,60,37,37,134
10247,F,50,51,49,150,7,3,23,33
10248,F,81,70,67,218,98,99,92,289
10249,F,47,50,44,141,11,42,29,82
10250,F,50,43,42,135,36,11,6,53
10251,M,60,64,57,181,67,83,82,232
10252,M,54,51,52,157,83,67,68,218
10253,M,74,82,50,206,82,96,58,236
10254,F,57,48,52,157,83,86,77,246
10255,F,71,73,68,212,92,88,80,260
10256,F,59,73,60,192,74,4,1,79
10257,M,58,58,54,170,68,43,58,169
10258,F,38,43,49,130,12,25,53,90
10259,F,72,67,59,198,86,56,74,216
10260,M,66,67,44,177,81,75,24,180
10261,F,48,51,62,161,58,29,44,131
10262,M,61,56,53,170,43,39,52,134
10263,M,50,49,58,157,10,37,55,102
10264,M,81,67,72,220,94,90,51,235
10265,M,62,60,49,171,8,63,26,97
10266,M,74,70,85,229,92,93,99,284
10267,M,56,47,64,167,45,44,77,166
10268,F,45,46,52,143,2,55,23,80
10269,M,55,77,59,191,64,41,38,143
10270,M,52,65,78,195,39,57,83,179
10271,M,58,67,46,171,86,73,64,223
10272,M,64,67,70,201,62,71,80,213
10273,F,71,62,68,201,73,79,86,238
10274,F,55,52,48,155,21,30,43,94
10275,M,58,58,57,173,84,41,38,163
10276,F,69,70,90,229,94,88,98,280
10277,M,55,54,65,174,11,16,68,95
10278,M,64,60,52,176,86,75,75,236
10279,M,56,60,59,175,46,14,82,142
10280,M,53,50,52,155,86,10,71,167
10281,F,74,67,82,223,83,83,89,255
10282,F,62,60,57,179,71,19,69,159
10283,M,77,62,50,189,66,93,64,223
10284,F,54,51,50,155,18,10,57,85
10285,F,57,62,52,171,61,64,70,195
10286,F,71,56,57,184,32,74,66,172
10287,F,69,62,55,186,1,6,66,73
10288,F,60,73,80,213,82,80,86,248
10289,M,71,70,48,189,70,74,64,208
10290,F,54,49,70,173,67,71,83,221
10291,F,47,56,48,151,43,31,79,153
10292,M,51,48,52,151,31,19,59,109
10293,M,40,44,46,130,68,62,37,167
10294,M,60,82,58,200,53,6,79,138
10295,M,64,65,58,187,92,95,80,267
10296,M,59,52,78,189,78,22,76,176
10297,M,56,70,40,166,60,54,78,192
10298,F,60,58,59,177,67,37,83,187
10299,M,69,60,85,214,97,82,94,273
10300,F,74,70,80,224,90,98,94,282
10301,M,46,53,53,152,47,66,29,142
10302,M,56,67,54,177,21,73,72,166
10303,M,72,67,68,207,81,77,80,238
10304,F,51,54,48,153,63,15,45,123
10305,M,54,51,62,167,25,44,77,146
10306,F,49,46,58,153,69,42,67,178
10307,M,69,82,78,229,82,78,89,249
10308,F,62,60,80,202,94,77,84,255
10309,M,66,60,74,200,98,76,89,263
10310,F,81,77,82,240,89,85,94,268
10311,M,57,67,100,224,95,98,99,292
10312,F,60,55,58,173,77,66,40,183
10313,M,71,77,90,238,99,96,95,290
10314,F,64,82,48,194,62,84,62,208
10315,M,42,46,74,162,3,2,87,92
10316,F,45,50,49,144,9,28,19,56
10317,M,56,65,57,178,73,84,74,231
10318,M,87,77,80,244,90,100,92,282
10319,F,40,44,40,124,3,14,15,32
10320,F,53,44,50,147,25,5,36,66
10321,M,62,56,68,186,65,51,75,191
10322,F,62,62,57,181,82,21,47,150
10323,M,52,55,62,169,36,17,59,112
10324,F,51,56,46,153,44,21,21,86
10325,F,74,62,59,195,87,4,87,178
10326,M,64,73,50,187,69,88,58,215
10327,M,53,60,60,173,95,38,91,224
10328,M,62,60,57,179,39,11,93,143
10329,F,66,73,50,189,77,5,78,160
10330,F,61,67,50,178,53,65,9,127
10331,M,74,65,65,204,98,85,81,264
10332,M,48,53,52,153,6,18,43,67
10333,F,42,54,50,146,38,34,51,123
10334,M,64,58,53,175,30,74,52,156
10335,F,56,54,52,162,45,49,47,141
10336,M,56,49,55,160,26,12,70,108
10337,F,54,47,46,147,19,9,39,67
10338,M,45,54,49,148,67,70,34,171
10339,M,64,67,58,189,20,19,69,108
10340,M,57,64,59,180,61,52,59,172
10341,M,68,70,85,223,96,85,90,271
10342,M,53,60,52,165,85,96,58,239
10343,M,54,55,48,157,89,60,59,208
10344,M,68,82,59,209,92,12,86,190
10345,M,55,52,36,143,17,76,1,94
10346,F,69,77,64,210,94,89,90,273
10347,M,64,77,85,226,95,100,96,291
10348,F,56,53,52,161,8,35,31,74
10349,M,60,60,50,170,69,59,53,181
10350,F,59,56,72,187,67,87,94,248
10351,F,72,67,67,206,92,82,73,247
10352,F,60,58,52,170,72,86,51,209
10353,F,63,62,67,192,73,81,79,233
10354,F,56,62,82,200,48,73,88,209
10355,M,74,70,64,208,95,92,84,271
10356,F,69,77,70,216,89,98,87,274
10357,M,43,54,57,154,24,28,44,96
10358,M,54,55,49,158,40,4,37,81
10359,F,54,50,50,154,33,13,70,116
10360,M,53,67,43,163,52,58,61,171
10361,F,60,47,34,141,22,44,17,83
10362,M,57,58,62,177,29,8,92,129
10363,F,72,77,100,249,95,92,96,283
10364,M,46,55,50,151,9,56,54,119
10365,F,49,34,36,119,63,83,67,213
10366,F,56,60,60,176,54,44,78,176
10367,M,52,58,46,156,11,11,33,55
10368,F,68,82,95,245,77,10,93,180
10369,F,66,62,85,213,60,82,99,241
10370,F,60,51,64,175,29,10,77,116
10371,F,61,60,42,163,56,68,80,204
10372,F,62,60,82,204,52,69,86,207
10373,M,55,54,49,158,31,21,15,67
10374,M,66,58,64,188,69,8,81,158
10375,M,69,56,74,199,82,82,94,258
10376,M,57,58,72,187,45,28,71,144
10377,F,77,82,90,249,98,100,98,296
10378,F,66,67,65,198,85,16,83,184
10379,M,54,51,76,181,94,84,100,278
10380,F,57,62,74,193,73,91,88,252
10381,F,68,70,62,200,40,79,67,186
10382,F,71,65,65,201,80,52,76,208
10383,F,69,60,53,182,47,79,59,185
10384,M,53,52,62,167,74,3,76,153
10385,M,64,67,72,203,98,88,96,282
10386,M,61,60,54,175,94,36,59,189
10387,M,71,67,95,233,96,97,98,291
10388,M,67,70,85,222,74,92,95,261
10389,F,60,62,68,190,69,71,94,234
10390,M,71,62,55,188,98,47,79,224
10391,F,55,52,55,162,59,45,77,181
10392,F,64,56,54,174,68,76,47,191
10393,M,61,65,76,202,83,92,91,266
10394,M,58,67,60,185,93,96,80,269
10395,M,55,50,54,159,54,59,68,181
10396,M,50,60,68,178,70,75,84,229
10397,M,54,51,48,153,56,42,5,103
10398,M,56,56,59,171,18,42,76,136
10399,M,87,70,58,215,98,90,92,280
10400,F,59,60,90,209,34,50,98,182
10401,M,54,45,50,149,73,72,78,223
10402,M,54,70,57,181,75,76,81,232
10403,M,81,77,90,248,98,98,100,296
10404,M,69,82,90,241,80,84,90,254
10405,M,54,55,46,155,56,85,73,214
10406,M,62,58,49,169,69,94,79,242
10407,F,49,60,54,163,28,36,86,150
10408,F,56,56,52,164,70,70,75,215
10409,M,61,65,59,185,75,80,84,239
10410,F,65,70,72,207,98,85,88,271
10411,M,60,55,50,165,59,77,2,138
10412,M,43,44,42,129,6,32,32,70
10413,M,71,67,57,195,95,95,79,269
10414,M,54,60,64,178,30,2,75,107
10415,F,55,60,58,173,90,48,86,224
10416,F,57,62,55,174,62,67,43,172
10417,F,59,62,62,183,94,77,84,255
10418,F,74,70,67,211,90,47,84,221
10419,M,56,47,49,152,42,80,4,126
10420,M,59,55,48,162,9,58,36,103
10421,M,63,58,78,199,83,79,79,241
10422,M,64,60,74,198,96,76,97,269
10423,F,65,62,85,212,64,76,95,235
10424,M,57,62,49,168,92,88,52,232
10425,M,41,43,48,132,27,31,26,84
10426,F,55,60,49,164,18,26,59,103
10427,F,74,56,76,206,91,81,75,247
10428,F,65,58,60,183,64,78,73,215
10429,F,59,60,60,179,62,69,83,214
10430,M,45,46,43,134,39,39,50,128
10431,F,81,67,74,222,96,95,92,283
10432,F,64,55,70,189,53,74,85,212
10433,F,59,55,65,179,57,13,64,134
10434,F,47,50,39,136,61,56,34,151
10435,M,61,56,50,167,72,25,51,148
10436,F,35,49,38,122,43,92,27,162
10437,F,61,58,50,169,83,6,56,145
10438,F,50,55,44,149,40,34,10,84
10439,F,45,48,49,142,33,48,42,123
10440,M,54,56,49,159,94,85,66,245
10441,F,40,31,38,109,12,3,23,38
10442,M,32,39,42,113,8,54,1,63
10443,F,49,58,59,166,39,40,40,119
10444,M,71,65,72,208,89,98,90,277
10445,M,75,73,80,228,100,88,92,280
10446,F,62,67,68,197,66,83,82,231
10447,M,61,70,53,184,43,51,55,149
10448,M,52,51,42,145,15,11,32,58
10449,M,52,60,40,152,7,5,30,42
10450,M,51,48,50,149,24,31,65,120
10451,F,55,50,48,153,75,9,29,113
10452,M,59,70,52,181,60,29,81,170
10453,F,35,51,53,139,13,12,68,93
10454,M,62,62,80,204,96,78,91,265
10455,M,54,49,53,156,50,58,49,157
10456,M,58,46,49,153,43,76,65,184
10457,M,64,67,82,213,76,6,95,177
10458,M,61,58,64,183,79,76,64,219
10459,F,60,55,52,167,77,25,28,130
10460,M,52,55,43,150,57,46,26,129
10461,M,62,53,85,200,76,59,96,231
10462,M,54,58,55,167,60,52,51,163
10463,M,69,67,82,218,94,76,96,266
10464,F,48,53,59,160,53,83,81,217
10465,M,38,47,39,124,19,34,27,80
10466,M,62,65,74,201,86,78,97,261
10467,M,77,67,46,190,91,90,54,235
10468,M,49,54,48,151,77,71,62,210
10469,M,57,44,43,144,18,33,4,55
10470,F,46,49,54,149,60,43,46,149
10471,M,56,58,70,184,15,8,94,117
10472,F,67,56,54,177,66,15,50,131
10473,F,55,56,49,160,52,64,69,185
10474,M,55,52,43,150,11,51,37,99
10475,M,71,67,46,184,76,33,62,171
10476,M,66,62,67,195,42,72,79,193
10477,M,66,73,95,234,87,95,94,276
10478,M,56,57,54,167,54,2,23,79
10479,F,62,62,70,194,55,40,71,166
10480,M,62,64,52,178,67,82,35,184
10481,M,66,67,82,215,88,74,95,257
10482,M,62,65,60,187,34,2,63,99
10483,M,58,62,65,185,60,21,63,144
10484,F,42,48,44,134,28,3,47,78
10485,F,52,51,50,153,62,53,50,165
10486,F,61,58,57,176,44,71,50,165
10487,F,59,60,52,171,96,74,89,259
10488,F,58,54,78,190,24,21,90,135
10489,M,61,62,67,190,82,87,72,241
10490,M,58,62,60,180,73,69,89,231
10491,M,43,53,48,144,40,4,24,68
10492,M,57,64,80,201,97,74,88,259
10493,M,66,70,58,194,71,76,86,233
10494,M,64,67,53,184,98,65,12,175
10495,M,61,62,42,165,57,72,46,175
10496,F,65,64,75,204,76,5,72,153
10497,F,65,67,55,187,37,76,39,152
10498,M,75,64,76,215,85,98,85,268
10499,M,62,58,60,180,24,47,68,139
10500,F,59,60,50,169,51,9,18,78
10501,M,63,58,54,175,60,55,63,178
10502,M,49,60,48,157,68,82,39,189
10503,F,49,37,53,139,6,47,50,103
10504,M,77,77,60,214,93,99,73,265
10505,M,78,70,67,215,91,87,85,263
10506,F,52,58,46,156,21,49,3,73
10507,F,66,70,70,206,100,90,92,282
10508,F,48,43,74,165,81,30,83,194
10509,M,53,52,65,170,50,20,73,143
10510,M,54,51,54,159,31,14,63,108
10511,F,62,60,70,192,39,53,82,174
10512,M,55,77,39,171,45,65,63,173
10513,M,59,67,59,185,82,71,77,230
10514,M,47,44,43,134,38,3,16,57
10515,M,71,70,85,226,81,91,94,266
10516,M,74,58,72,204,64,79,97,240
10517,M,75,62,85,222,92,93,92,277
10518,F,64,60,59,183,92,81,63,236
10519,M,62,64,72,198,89,62,93,244
10520,M,67,58,48,173,55,84,68,207
10521,M,53,56,54,163,81,93,78,252
10522,M,54,49,54,157,27,18,75,120
10523,M,49,50,58,157,49,3,26,78
10524,F,54,49,82,185,97,70,95,262
10525,F,45,58,48,151,9,18,36,63
10526,M,55,82,68,205,67,14,87,168
10527,F,55,50,53,158,38,26,12,76
10528,M,57,58,43,158,29,67,40,136
10529,M,71,82,82,235,86,61,98,245
10530,M,56,49,50,155,58,68,82,208
10531,F,49,44,44,137,19,17,39,75
10532,F,58,51,43,152,17,17,70,104
10533,F,63,58,74,195,82,42,83,207
10534,F,56,54,43,153,18,49,35,102
10535,F,56,60,43,159,44,30,41,115
10536,F,62,60,72,194,84,87,81,252
10537,F,55,48,53,156,49,41,72,162
10538,M,62,60,58,180,75,88,24,187
10539,F,71,62,65,198,57,63,72,192
10540,F,58,58,46,162,93,61,49,203
10541,M,61,65,50,176,93,90,60,243
10542,M,58,53,55,166,93,72,75,240
10543,F,61,67,59,187,87,8,65,160
10544,F,66,65,58,189,77,81,85,243
10545,M,67,67,55,189,86,53,88,227
10546,F,56,58,55,169,7,16,53,76
10547,M,64,62,62,188,52,60,79,191
10548,M,62,60,49,171,48,65,49,162
10549,F,56,53,49,158,12,46,32,90
10550,M,82,90,85,257,99,98,93,290
10551,M,59,53,52,164,45,48,69,162
10552,M,38,47,44,129,2,16,8,26
10553,F,56,55,60,171,80,55,77,212
10554,M,60,58,53,171,65,74,76,215
10555,F,40,48,46,134,17,52,8,77
10556,F,43,43,36,122,41,31,5,77
10557,M,64,62,46,172,27,23,80,130
10558,M,71,77,95,243,96,98,94,288
10559,M,74,56,54,184,66,65,74,205
10560,M,45,41,50,136,44,20,35,99
10561,F,61,77,72,210,84,97,9,190
10562,F,56,49,42,147,55,12,4,71
10563,M,81,58,58,197,83,32,43,158
10564,F,69,64,46,179,37,64,62,163
10565,F,47,58,46,151,25,69,24,118
10566,M,66,70,52,188,95,91,45,231
10567,M,66,65,72,203,74,84,83,241
10568,M,48,55,54,157,15,10,74,99
10569,M,66,67,65,198,95,88,65,248
10570,F,49,54,60,163,78,73,80,231
10571,M,66,60,62,188,69,78,80,227
10572,M,59,62,76,197,65,57,14,136
10573,F,65,62,57,184,95,63,3,161
10574,F,63,58,65,186,25,19,80,124
10575,F,57,60,82,199,64,39,85,188
10576,F,47,56,49,152,28,23,47,98
10577,F,66,58,76,200,88,77,90,255
10578,M,58,54,43,155,15,21,44,80
10579,M,71,70,46,187,81,67,31,179
10580,M,50,53,53,156,74,87,72,233
10581,F,47,54,54,155,15,65,41,121
10582,M,60,60,55,175,70,66,73,209
10583,F,57,52,50,159,49,43,12,104
10584,M,47,46,44,137,17,17,8,42
10585,M,67,73,53,193,80,95,79,254
10586,M,60,60,54,174,68,90,42,200
10587,M,60,65,78,203,82,95,96,273
10588,M,43,44,42,129,40,63,14,117
10589,M,51,62,57,170,43,23,19,85
10590,M,57,65,54,176,87,89,64,240
10591,M,69,62,90,221,66,51,99,216
10592,F,52,53,46,151,37,31,53,121
10593,F,55,50,59,164,30,6,46,82
10594,M,58,62,58,178,79,20,40,139
10595,F,66,67,55,188,42,13,80,135
10596,F,64,60,44,168,57,71,51,179
10597,F,60,62,49,171,54,14,37,105
10598,F,64,55,70,189,63,53,85,201
10599,M,71,56,82,209,97,98,98,293
10600,F,69,73,82,224,65,90,79,234
10601,F,66,60,74,200,98,75,84,257
10602,M,66,73,68,207,74,65,87,226
10603,M,81,73,80,234,89,18,88,195
10604,F,77,67,49,193,53,30,80,163
10605,M,74,73,65,212,86,91,90,267
10606,M,66,73,54,193,78,64,64,206
10607,M,58,67,67,192,3,80,88,171
10608,F,67,82,90,239,97,95,96,288
10609,M,68,67,95,230,89,92,95,276
10610,M,52,51,55,158,39,60,77,176
10611,F,51,52,44,147,43,25,34,102
10612,M,64,65,60,189,20,41,23,84
10613,F,66,67,57,190,76,67,50,193
10614,M,43,45,49,137,4,6,48,58
10615,M,41,36,46,123,28,7,3,38
10616,M,71,62,67,200,19,9,72,100
10617,M,78,67,78,223,84,74,93,251
10618,F,56,49,57,162,52,48,52,152
10619,M,57,60,39,156,44,53,15,112
10620,M,56,50,52,158,21,31,66,118
10621,F,71,70,90,231,67,79,96,242
10622,M,49,44,50,143,53,48,61,162
10623,M,46,41,50,137,4,21,32,57
10624,M,64,60,62,186,36,33,48,117
10625,F,48,45,50,143,3,2,46,51
10626,M,87,82,85,254,98,100,100,298
10627,F,66,65,46,177,24,19,18,61
10628,M,58,60,64,182,67,69,88,224
10629,F,66,53,49,168,85,78,22,185
10630,F,51,46,58,155,37,81,65,183
10631,F,50,47,59,156,53,75,70,198
10632,M,48,47,40,135,22,23,46,91
10633,M,53,56,42,151,40,38,55,133
10634,M,56,58,46,160,70,60,13,143
10635,F,66,56,74,196,86,74,88,248
10636,F,68,70,95,233,88,88,96,272
10637,M,58,58,55,171,64,74,84,222
10638,F,59,67,62,188,83,86,74,243
10639,F,71,70,50,191,75,49,59,183
10640,M,52,55,62,169,44,9,69,122
10641,M,51,56,70,177,73,16,86,175
10642,M,74,67,60,201,73,87,80,240
10643,M,62,67,52,181,75,57,80,212
10644,M,55,56,50,161,57,96,31,184
10645,F,57,49,54,160,54,39,75,168
10646,F,56,41,48,145,56,2,27,85
10647,F,72,62,90,224,98,96,99,293
10648,M,77,77,72,226,99,96,91,286
10649,M,81,73,68,222,84,77,89,250
10650,F,69,67,74,210,77,89,95,261
10651,M,72,70,74,216,46,67,86,199
10652,M,77,70,95,242,100,69,99,268
10653,M,52,41,49,142,10,10,54,74
10654,M,54,47,57,158,76,8,75,159
10655,M,45,52,44,141,33,31,36,100
10656,M,58,51,39,148,25,14,10,49
10657,M,62,62,62,186,50,96,81,227
10658,M,65,82,67,214,66,85,80,231
10659,F,87,70,67,224,94,96,84,274
10660,F,50,53,64,167,28,27,90,145
10661,M,66,58,57,181,84,36,67,187
10662,M,63,49,59,171,86,95,81,262
10663,M,74,67,82,223,91,64,95,250
10664,M,62,52,67,181,60,78,92,230
10665,F,66,65,50,181,96,96,73,265
10666,M,61,55,67,183,43,37,85,165
10667,M,64,60,64,188,47,19,53,119
10668,M,60,58,62,180,50,54,64,168
10669,F,50,41,46,137,36,38,51,125
10670,M,74,67,68,209,68,59,83,210
10671,M,58,52,80,190,56,75,85,216
10672,F,66,67,80,213,96,92,93,281
10673,F,64,70,80,214,79,91,92,262
10674,M,64,62,90,216,75,70,92,237
10675,M,56,53,49,158,22,36,64,122
10676,M,61,58,52,171,48,81,57,186
10677,F,77,65,90,232,71,54,97,222
10678,F,58,52,46,156,56,75,41,172
10679,M,64,73,76,213,56,40,88,184
10680,F,52,51,40,143,23,10,41,74
10681,F,58,50,54,162,40,82,36,158
10682,M,43,45,40,128,10,36,37,83
10683,M,71,58,40,169,74,27,85,186
10684,F,49,42,42,133,12,40,51,103
10685,F,69,67,72,208,98,90,82,270
10686,F,60,48,55,163,65,70,73,208
10687,M,46,47,48,141,29,66,57,152
10688,M,42,54,50,146,17,34,24,75
10689,F,48,43,49,140,12,34,17,63
10690,M,55,56,53,164,51,76,36,163
10691,M,62,60,85,207,72,61,99,232
10692,M,57,62,72,191,78,65,78,221
10693,M,71,77,82,230,49,2,97,148
10694,M,49,62,48,159,69,72,50,191
10695,F,46,56,26,128,79,75,45,199
10696,F,43,45,49,137,20,15,66,101
10697,M,62,67,62,191,95,91,81,267
10698,M,51,42,49,142,21,15,5,41
10699,F,46,45,46,137,2,1,56,59
10700,M,75,70,74,219,52,61,80,193
10701,F,57,58,70,185,60,10,81,151
10702,F,58,47,57,162,48,59,73,180
10703,F,66,65,44,175,84,55,76,215
10704,M,55,48,49,152,1,1,60,62
10705,M,66,73,80,219,96,90,83,269
10706,M,56,58,50,164,50,9,69,128
10707,M,49,44,53,146,63,72,61,196
10708,M,58,54,60,172,79,42,48,169
10709,M,43,53,42,138,23,26,7,56
10710,F,77,70,72,219,89,98,86,273
10711,F,57,56,42,155,17,37,15,69
10712,M,63,58,57,178,35,7,49,91
10713,M,54,58,54,166,63,55,43,161
10714,F,60,60,58,178,71,89,77,237
10715,F,50,55,49,154,72,92,52,216
10716,F,69,77,80,226,90,98,95,283
10717,M,68,53,54,175,56,47,69,172
10718,F,71,73,67,211,72,94,87,253
10719,M,74,67,67,208,96,36,67,199
10720,M,61,60,78,199,64,70,81,215
10721,M,66,65,55,186,90,80,76,246
10722,M,64,70,54,188,50,88,91,229
10723,F,64,82,50,196,47,63,81,191
10724,M,81,73,58,212,88,44,87,219
10725,F,66,67,64,197,96,91,86,273
10726,M,54,52,55,161,50,18,66,134
10727,F,68,73,49,190,69,1,75,145
10728,M,69,82,53,204,94,65,15,174
10729,F,56,60,49,165,96,82,77,255
10730,M,48,39,54,141,54,36,33,123
10731,M,52,51,54,157,19,13,51,83
10732,M,64,62,38,164,51,18,16,85
10733,M,62,73,65,200,61,75,87,223
10734,M,61,58,62,181,85,57,52,194
10735,F,69,60,60,189,46,40,44,130
10736,M,60,70,62,192,92,85,89,266
10737,M,69,60,60,189,70,34,65,169
10738,M,56,49,52,157,30,37,30,97
10739,M,56,55,57,168,34,16,95,145
10740,M,42,54,36,132,74,82,7,163
10741,M,60,60,60,180,74,33,68,175
10742,M,43,52,46,141,2,56,35,93
10743,F,38,43,48,129,10,21,38,69
10744,F,57,58,53,168,66,74,60,200
10745,M,49,52,46,147,9,14,13,36
10746,M,69,73,50,192,68,52,71,191
10747,M,58,47,50,155,15,9,57,81
10748,M,64,64,58,186,68,89,79,236
10749,M,58,70,62,190,1,29,93,123
10750,M,69,73,78,220,93,100,98,291
10751,M,62,60,62,184,34,41,79,154
10752,F,49,50,54,153,47,24,15,86
10753,F,47,58,58,163,63,49,32,144
10754,F,71,82,90,243,95,88,100,283
10755,F,59,56,72,187,83,94,91,268
10756,F,69,60,82,211,83,91,97,271
10757,M,62,67,46,175,34,40,29,103
10758,F,56,50,65,171,89,66,81,236
10759,M,56,60,38,154,45,22,30,97
10760,F,72,73,76,221,80,76,82,238
10761,M,55,56,43,154,37,4,67,108
10762,M,69,64,82,215,99,75,95,269
10763,M,54,62,57,173,59,75,65,199
10764,F,66,58,68,192,26,84,80,190
10765,M,56,56,42,154,51,58,14,123
10766,M,71,70,74,215,82,67,69,218
10767,M,64,58,52,174,85,67,69,221
10768,M,51,52,49,152,77,13,2,92
10769,F,49,54,58,161,66,48,65,179
10770,M,50,53,52,155,14,5,78,97
10771,M,58,62,53,173,3,8,83,94
10772,M,51,48,52,151,38,63,60,161
10773,M,61,64,58,183,47,77,77,201
10774,F,51,60,58,169,83,44,89,216
10775,M,60,55,64,179,66,61,83,210
10776,M,53,52,48,153,61,59,53,173
10777,M,69,62,82,213,92,92,97,281
10778,M,68,82,64,214,99,84,71,254
10779,F,66,77,67,210,94,80,83,257
10780,M,64,65,65,194,78,81,78,237
10781,F,59,45,54,158,40,1,25,66
10782,M,43,46,38,127,28,12,53,93
10783,F,43,39,57,139,33,13,32,78
10784,F,53,52,44,149,44,76,78,198
10785,F,43,43,49,135,37,12,49,98
10786,F,61,58,49,168,91,44,78,213
10787,M,56,60,44,160,36,62,46,144
10788,F,75,62,68,205,86,96,76,258
10789,M,66,56,64,186,32,36,73,141
10790,F,40,46,44,130,4,26,47,77
10791,F,50,56,52,158,7,67,74,148
10792,M,57,65,58,180,87,81,69,237
10793,F,49,50,52,151,39,7,26,72
10794,M,62,53,57,172,76,79,89,244
10795,M,59,70,58,187,37,51,87,175
10796,M,58,62,54,174,45,43,57,145
10797,M,52,58,59,169,73,57,58,188
10798,M,81,67,64,212,67,60,87,214
10799,F,71,60,76,207,70,88,82,240
10800,F,74,64,80,218,97,72,94,263
10801,M,59,55,49,163,92,7,68,167
10802,F,66,67,68,201,83,93,90,266
10803,F,57,73,55,185,73,79,77,229
10804,M,68,70,64,202,94,24,52,170
10805,M,69,73,65,207,33,1,78,112
10806,M,66,100,60,226,92,92,77,261
10807,M,56,60,60,176,59,84,65,208
10808,M,74,67,64,205,88,94,88,270
10809,M,67,67,80,214,96,62,81,239
10810,F,61,70,74,205,96,92,84,272
10811,M,65,64,68,197,47,51,89,187
10812,M,66,65,50,181,78,85,2,165
10813,M,54,58,43,155,18,30,26,74
10814,F,56,51,48,155,26,25,45,96
10815,M,65,62,74,201,80,84,96,260
10816,F,45,46,43,134,15,15,36,66
10817,F,71,91,78,240,40,90,88,218
10818,F,45,50,43,138,8,3,35,46
10819,F,63,64,68,195,90,83,72,245
10820,M,55,60,54,169,57,73,51,181
10821,F,64,53,48,165,33,27,44,104
10822,M,69,52,67,188,17,51,69,137
10823,F,68,60,58,186,76,69,27,172
10824,M,43,43,39,125,8,22,44,74
10825,F,77,67,80,224,94,81,88,263
10826,F,45,51,58,154,18,35,6,59
10827,M,58,60,40,158,64,39,2,105
10828,M,77,67,46,190,63,77,82,222
10829,F,50,60,57,167,71,78,58,207
10830,F,45,56,50,151,36,51,22,109
10831,F,54,53,42,149,3,25,21,49
10832,M,52,53,59,164,57,95,90,242
10833,M,62,60,57,179,62,68,74,204
10834,F,54,58,62,174,66,52,62,180
10835,F,72,73,82,227,91,75,97,263
10836,M,60,56,46,162,40,51,44,135
10837,F,57,56,53,166,73,49,50,172
10838,F,55,54,60,169,31,15,75,121
10839,M,50,60,53,163,39,54,64,157
10840,M,63,67,49,179,44,85,78,207
10841,M,71,67,57,195,36,37,47,120
10842,M,45,41,44,130,18,9,14,41
10843,F,77,60,49,186,80,83,50,213
10844,F,74,56,62,192,66,49,83,198
10845,M,58,42,44,144,30,33,39,102
10846,F,95,73,100,268,98,98,100,296
10847,F,71,67,76,214,84,86,89,259
10848,F,68,47,76,191,47,56,85,188
10849,M,54,51,54,159,56,65,85,206
10850,F,55,64,48,167,59,80,77,216
10851,M,40,44,50,134,21,21,54,96
10852,F,57,48,43,148,41,16,20,77
10853,F,62,60,48,170,55,55,10,120
10854,F,74,64,64,202,44,79,76,199
10855,M,65,62,70,197,35,32,80,147
10856,F,62,62,46,170,81,79,82,242
10857,M,52,51,54,157,8,1,1,10
10858,M,47,50,44,141,8,22,15,45
10859,M,45,48,49,142,46,9,41,96
10860,M,57,64,58,179,16,30,70,116
10861,M,74,82,82,238,63,93,86,242
10862,F,55,50,42,147,18,47,59,124
10863,F,56,58,68,182,52,80,49,181
10864,M,58,65,50,173,51,92,87,230
10865,M,49,52,44,145,51,24,67,142
10866,M,46,56,52,154,13,30,56,99
10867,M,55,62,48,165,76,76,25,177
10868,F,41,47,46,134,19,39,42,100
10869,M,58,70,59,187,83,58,62,203
10870,F,77,73,74,224,74,77,77,228
10871,F,66,62,59,187,71,96,66,233
10872,F,60,54,60,174,74,36,84,194
10873,F,50,60,64,174,9,37,59,105
10874,M,54,55,62,171,63,90,72,225
10875,M,69,67,49,185,84,78,81,243
10876,M,50,55,49,154,63,4,20,87
10877,M,43,55,50,148,65,62,64,191
10878,M,54,53,52,159,7,11,44,62
10879,F,54,60,64,178,60,54,66,180
10880,M,48,56,49,153,55,12,20,87
10881,F,51,48,49,148,15,36,48,99
10882,M,47,52,40,139,46,59,35,140
10883,F,56,65,54,175,60,89,82,231
10884,M,50,41,50,141,12,12,25,49
10885,M,64,65,46,175,99,90,62,251
10886,M,55,62,44,161,74,78,55,207
10887,M,62,58,70,190,77,76,77,230
10888,M,65,70,68,203,72,62,89,223
10889,F,74,70,68,212,94,87,84,265
10890,F,48,53,53,154,68,7,77,152
10891,M,57,60,59,176,83,77,73,233
10892,M,87,100,82,269,100,100,99,299
10893,M,53,56,58,167,38,91,58,187
10894,F,53,60,57,170,71,93,52,216
10895,F,66,70,74,210,100,91,89,280
10896,F,61,62,55,178,46,92,49,187
10897,F,61,70,60,191,88,85,87,260
10898,F,66,58,80,204,47,53,90,190
10899,F,60,56,72,188,87,10,79,176
10900,M,46,58,43,147,28,24,59,111
10901,F,52,55,62,169,40,76,75,191
10902,F,56,51,42,149,16,5,30,51
10903,M,53,52,50,155,33,66,9,108
10904,M,59,60,80,199,60,62,96,218
10905,M,64,67,82,213,53,64,84,201
10906,M,55,52,57,164,75,56,71,202
10907,F,52,60,53,165,84,51,75,210
10908,F,40,46,43,129,23,46,19,88
10909,F,54,49,49,152,39,45,55,139
10910,M,66,70,58,194,41,94,74,209
10911,F,56,58,52,166,57,59,52,168
10912,F,59,49,50,158,35,20,56,111
10913,M,48,53,65,166,87,66,75,228
10914,F,64,70,67,201,87,86,82,255
10915,M,64,58,53,175,92,81,68,241
10916,M,51,46,43,140,33,46,53,132
10917,M,58,64,57,179,69,72,77,218
10918,F,61,62,58,181,37,72,79,188
10919,M,57,54,62,173,99,21,71,191
10920,F,66,70,76,212,85,100,89,274
10921,M,69,64,60,193,91,96,56,243
10922,F,75,82,70,227,87,69,82,238
10923,F,68,43,64,175,59,68,64,191
10924,M,74,82,57,213,82,76,68,226
10925,F,66,62,54,182,66,73,91,230
10926,M,52,58,49,159,45,14,63,122
10927,F,55,56,62,173,73,79,56,208
10928,F,51,50,43,144,28,23,33,84
10929,M,47,34,53,134,35,41,53,129
10930,M,68,56,70,194,78,67,76,221
10931,M,62,60,44,166,61,33,49,143
10932,F,48,49,40,137,22,51,31,104
10933,M,55,54,60,169,67,53,74,194
10934,F,67,64,72,203,24,51,88,163
10935,M,38,41,43,122,15,13,18,46
10936,F,66,65,62,193,76,10,92,178
10937,M,71,67,64,202,97,70,75,242
10938,M,64,67,82,213,79,87,95,261
10939,F,68,65,54,187,87,57,72,216
10940,M,71,70,53,194,71,77,59,207
10941,M,54,47,46,147,68,12,65,145
10942,F,50,62,49,161,13,57,47,117
10943,F,45,52,55,152,50,27,55,132
10944,F,65,58,60,183,96,93,84,273
10945,M,58,53,49,160,51,81,73,205
10946,F,53,60,70,183,53,30,88,171
10947,F,72,73,67,212,88,96,93,277
10948,F,60,62,65,187,66,20,72,158
10949,F,75,77,64,216,82,90,82,254
10950,M,61,60,65,186,41,7,87,135
10951,M,52,56,48,156,71,79,4,154
10952,M,47,50,49,146,49,47,26,122
10953,F,68,82,65,215,83,86,74,243
10954,F,60,53,50,163,25,21,11,57
10955,M,57,55,52,164,85,86,85,256
10956,F,61,62,59,182,47,30,59,136
10957,M,55,62,72,189,90,77,92,259
10958,M,61,64,80,205,3,10,96,109
10959,M,56,67,76,199,40,85,86,211
10960,M,63,64,67,194,32,40,79,151
10961,M,64,65,72,201,67,50,88,205
10962,M,66,67,85,218,57,15,95,167
10963,M,47,50,68,165,51,56,73,180
10964,M,71,77,80,228,100,91,92,283
10965,M,51,62,59,172,79,80,81,240
10966,M,54,58,49,161,44,53,89,186
10967,F,69,62,49,180,43,67,51,161
10968,M,75,82,80,237,82,85,94,261
10969,M,61,55,42,158,50,81,53,184
10970,F,54,56,46,156,35,45,75,155
10971,M,50,51,48,149,57,38,43,138
10972,F,77,77,78,232,96,88,83,267
10973,F,69,62,74,205,72,24,78,174
10974,F,56,51,50,157,53,75,23,151
10975,F,71,73,95,239,89,98,97,284
10976,F,59,56,64,179,50,86,74,210
10977,F,41,43,58,142,56,3,51,110
10978,F,57,45,48,150,55,37,45,137
10979,F,54,55,55,164,43,57,77,177
10980,M,61,67,60,188,68,82,71,221
10981,F,65,64,65,194,82,45,82,209
10982,F,74,77,78,229,92,88,92,272
10983,M,64,60,64,188,62,71,61,194
10984,M,56,58,48,162,51,83,53,187
10985,F,48,47,52,147,33,7,24,64
10986,M,74,67,76,217,77,85,84,246
10987,F,71,60,64,195,90,93,81,264
10988,M,54,60,55,169,63,15,57,135
10989,F,64,77,59,200,86,87,90,263
10990,M,63,60,49,172,76,54,41,171
10991,F,59,62,60,181,41,11,72,124
10992,F,81,91,95,267,100,88,93,281
10993,M,50,51,68,169,36,56,93,185
10994,F,66,65,49,180,69,48,31,148
10995,F,58,67,59,184,44,26,74,144
10996,F,64,65,53,182,78,72,70,220
10997,F,40,45,46,131,4,3,32,39
10998,F,66,77,67,210,99,37,78,214
10999,M,38,30,50,118,17,17,7,41
11000,F,74,67,76,217,86,77,74,237
11001,M,50,49,40,139,47,30,28,105
11002,M,53,62,46,161,30,18,18,66
11003,F,66,56,57,179,14,67,75,156
11004,F,57,56,67,180,20,68,75,163
11005,F,53,52,65,170,4,32,74,110
11006,F,67,58,50,175,60,75,72,207
11007,M,58,65,60,183,1,64,89,154
11008,F,54,58,50,162,14,17,49,80
11009,F,69,70,68,207,89,89,86,264
11010,M,59,60,55,174,13,34,50,97
11011,F,47,48,43,138,45,55,12,112
11012,M,63,48,50,161,94,66,62,222
11013,M,54,55,48,157,52,48,82,182
11014,M,67,77,68,212,93,98,89,280
11015,F,60,58,48,166,70,56,71,197
11016,M,50,53,49,152,59,57,43,159
11017,F,64,60,68,192,91,44,78,213
11018,F,54,55,43,152,71,11,2,84
11019,M,69,67,59,195,78,1,76,155
11020,M,44,42,50,136,10,19,33,62
11021,F,77,73,85,235,80,94,94,268
11022,M,59,52,42,153,44,80,31,155
11023,M,71,60,78,209,98,45,89,232
11024,F,54,60,40,154,44,60,49,153
11025,F,48,49,64,161,1,12,54,67
11026,M,58,56,49,163,77,93,23,193
11027,M,87,82,67,236,96,100,89,285
11028,M,55,70,68,193,32,32,76,140
11029,F,69,73,58,200,93,92,62,247
11030,M,74,82,72,228,100,99,95,294
11031,M,40,58,50,148,62,46,74,182
11032,F,54,65,60,179,39,50,12,101
11033,M,54,58,42,154,72,59,50,181
11034,M,74,60,62,196,85,92,52,229
11035,F,72,82,68,222,84,88,77,249
11036,M,75,58,60,193,77,72,94,243
11037,M,52,55,65,172,66,58,77,201
11038,M,56,47,67,170,68,63,90,221
11039,M,58,60,48,166,59,8,10,77
11040,F,61,60,48,169,68,24,60,152
11041,F,77,67,85,229,77,88,96,261
11042,F,58,64,62,184,95,90,91,276
11043,M,69,67,82,218,94,75,91,260
11044,F,50,45,42,137,19,45,45,109
11045,F,56,56,65,177,58,65,87,210
11046,F,65,62,60,187,78,60,79,217
11047,F,37,56,44,137,50,33,41,124
11048,F,74,67,52,193,16,50,87,153
11049,F,69,62,90,221,99,72,91,262
11050,M,46,47,67,160,1,30,53,84
11051,M,55,58,55,168,91,81,84,256
11052,M,62,60,68,190,6,41,79,126
11053,F,62,60,55,177,77,55,64,196
11054,M,59,53,46,158,42,34,20,96
11055,F,60,58,53,171,36,74,80,190
11056,M,50,45,50,145,17,12,36,65
11057,M,51,42,49,142,7,18,38,63
11058,F,32,41,49,122,30,36,31,97
11059,F,60,77,55,192,71,14,58,143
11060,M,45,50,44,139,57,49,30,136
11061,M,45,43,34,122,11,30,22,63
11062,F,54,56,72,182,68,66,77,211
11063,M,74,67,68,209,75,94,94,263
11064,M,49,40,40,129,50,19,22,91
11065,F,58,65,59,182,78,58,57,193
11066,F,60,56,48,164,67,72,78,217
11067,M,96,90,62,248,99,98,94,291
11068,M,71,77,55,203,78,95,86,259
11069,M,69,82,90,241,96,8,97,201
11070,F,56,51,44,151,14,29,63,106
11071,F,68,70,50,188,49,88,60,197
11072,M,59,52,57,168,71,55,60,186
11073,M,57,70,50,177,67,3,82,152
11074,M,50,51,59,160,23,29,72,124
11075,F,50,56,48,154,10,9,45,64
11076,F,82,60,70,212,89,97,92,278
11077,M,77,55,74,206,73,57,88,218
11078,F,56,55,48,159,55,59,34,148
11079,F,61,52,53,166,69,40,17,126
11080,M,62,58,60,180,61,56,69,186
11081,F,58,64,74,196,92,85,98,275
11082,F,66,53,65,184,63,24,84,171
11083,M,50,58,48,156,14,2,14,30
11084,M,67,62,58,187,75,88,85,248
11085,M,56,42,70,168,19,63,92,174
11086,M,52,56,49,157,72,79,75,226
11087,F,43,56,49,148,30,44,41,115
11088,M,60,60,42,162,95,98,5,198
11089,F,41,33,50,124,25,5,13,43
11090,F,43,43,43,129,5,8,10,23
11091,F,55,48,57,160,74,73,59,206
11092,M,77,70,90,237,83,96,96,275
11093,M,66,65,55,186,81,85,80,246
11094,M,66,73,80,219,90,88,65,243
11095,M,81,91,85,257,100,99,98,297
11096,F,35,42,42,119,10,13,48,71
11097,M,57,54,58,169,42,84,56,182
11098,F,49,56,58,163,47,59,89,195
11099,M,56,54,68,178,51,44,85,180
11100,M,57,60,52,169,38,13,36,87
11101,M,60,58,65,183,49,72,82,203
11102,F,38,45,48,131,5,7,10,22
11103,M,59,58,46,163,52,52,80,184
11104,M,60,55,53,168,49,57,81,187
11105,F,61,56,62,179,31,58,61,150
11106,M,45,48,48,141,32,22,46,100
11107,F,64,55,48,167,43,74,37,154
11108,F,65,62,100,227,97,72,99,268
11109,M,40,44,53,137,5,10,64,79
11110,F,54,56,70,180,71,86,81,238
11111,F,63,67,82,212,86,93,89,268
11112,F,60,58,53,171,68,41,76,185
11113,F,66,77,78,221,78,67,88,233
11114,F,75,65,59,199,80,94,80,254
11115,M,68,88,85,241,3,25,100,128
11116,M,52,53,73,178,15,49,83,147
11117,F,62,62,90,214,97,80,98,275
11118,F,65,57,65,187,80,63,81,224
11119,F,69,57,78,204,78,68,99,245
11120,F,68,57,59,184,83,59,80,222
11121,F,59,61,68,188,72,78,84,234
11122,M,56,67,90,213,2,29,97,128
11123,F,55,62,50,167,64,81,68,213
11124,M,65,59,85,209,90,58,97,245
11125,M,69,57,78,204,82,96,87,265
11126,M,68,59,85,212,80,97,93,270
11127,M,61,55,78,194,74,5,86,165
11128,F,59,55,82,196,57,74,96,227
11129,F,60,62,85,207,70,79,95,244
11130,F,71,62,90,223,92,26,96,214
11131,F,56,59,73,188,97,84,88,269
11132,M,68,69,90,227,99,95,100,294
11133,M,65,66,95,226,82,84,99,265
11134,M,63,90,82,235,84,47,94,225
11135,M,66,62,78,206,88,87,99,274
11136,F,71,65,100,236,95,96,99,290
11137,M,66,68,90,224,99,99,100,298
11138,M,52,61,78,191,77,92,96,265
11139,M,76,73,85,234,46,20,93,159
11140,M,61,60,82,203,85,84,83,252
11141,M,80,62,82,224,99,97,100,296
11142,M,60,54,75,189,70,54,97,221
11143,F,56,57,95,208,93,90,100,283
11144,M,53,62,80,195,39,90,91,220
11145,M,63,82,100,245,93,98,100,291
11146,F,60,59,80,199,62,68,99,229
11147,M,61,57,100,218,92,99,98,289
11148,M,79,65,100,244,79,80,98,257
11149,M,68,59,82,209,76,97,98,271
11150,M,79,62,95,236,91,73,100,264
11151,M,72,55,82,209,58,68,98,224
11152,M,50,57,82,189,57,33,99,189
11153,F,56,59,85,200,94,89,97,280
11154,M,58,60,90,208,88,55,100,243
11155,M,71,68,95,234,100,90,100,290
11156,M,68,79,85,232,100,100,100,300
11157,M,69,86,95,250,93,99,99,291
11158,M,78,65,100,243,94,99,100,293
11159,M,76,79,95,250,100,99,100,299
11160,M,80,66,90,236,51,75,100,226
11161,M,73,71,95,239,90,99,100,289
11162,M,66,68,100,234,97,99,98,294
11163,M,68,62,82,212,97,89,94,280
11164,M,55,47,40,142,88,60,81,229
11165,M,62,61,80,203,96,92,96,284
11166,F,71,59,90,220,86,53,92,231
11167,M,69,62,90,221,99,99,99,297
11168,F,70,55,82,207,80,95,91,266
11169,F,92,67,82,241,88,75,100,263
11170,M,76,66,90,232,100,87,100,287
11171,F,74,76,85,235,96,99,99,294
11172,M,71,79,100,250,98,89,99,286
11173,M,68,62,95,225,68,3,93,164
11174,F,78,59,100,237,91,79,94,264
11175,F,61,68,75,204,88,72,87,247
11176,F,68,73,85,226,42,89,93,224
11177,F,66,65,82,213,58,98,98,254
11178,M,66,71,82,219,95,96,94,285
11179,F,58,68,90,216,57,54,96,207
11180,F,63,57,82,202,87,80,93,260
11181,M,66,75,78,219,94,100,96,290
11182,M,56,71,76,203,97,92,93,282
11183,F,63,54,75,192,85,80,93,258
11184,M,71,59,100,230,87,84,100,271
11185,F,53,59,85,197,99,98,96,293
11186,M,66,50,76,192,73,54,90,217
11187,M,63,69,85,217,80,79,98,257
11188,F,75,71,95,241,99,99,99,297
11189,M,61,59,82,202,66,32,97,195
11190,M,62,71,90,223,92,100,100,292
11191,M,65,72,90,227,95,98,96,289
11192,M,69,77,100,246,94,99,100,293
11193,M,61,57,90,208,78,96,89,263
11194,M,69,68,85,222,76,10,96,182
11195,M,78,68,78,224,100,92,98,290
11196,M,69,71,95,235,100,100,100,300
11197,M,76,79,100,255,87,80,98,265
11198,M,68,66,100,234,59,51,100,210
11199,F,63,73,82,218,94,92,99,285
11200,F,68,62,80,210,41,82,96,219
11201,M,63,60,90,213,89,77,99,265
11202,F,66,65,100,231,75,96,100,271
11203,M,75,65,80,220,93,94,99,286
11204,F,63,60,85,208,80,98,98,276
11205,M,68,69,95,232,98,98,98,294
11206,M,56,65,85,206,86,85,95,266
11207,M,60,62,76,198,91,95,90,276
11208,F,61,62,82,205,66,56,98,220
11209,F,63,46,80,189,76,61,95,232
11210,M,70,79,90,239,96,100,92,288
11211,M,66,55,90,211,24,84,94,202
11212,M,71,69,80,220,100,99,99,298
11213,M,63,57,82,202,53,65,96,214
11214,M,73,100,85,258,95,98,96,289
11215,M,76,73,80,229,95,96,99,290
11216,F,61,57,68,186,82,59,91,232
11217,M,71,57,76,204,80,87,93,260
11218,M,71,62,95,228,98,96,99,293
11219,F,71,66,73,210,83,87,93,263
11220,M,74,71,80,225,78,98,95,271
11221,F,63,75,80,218,82,90,92,264
11222,M,62,59,75,196,33,72,91,196
11223,M,66,72,74,212,47,1,86,134
11224,F,53,57,51,161,70,30,56,156
11225,M,41,45,53,139,60,11,39,110
11226,M,74,73,82,229,45,66,99,210
11227,M,68,66,90,224,81,94,89,264
11228,M,65,66,95,226,98,30,92,220
11229,M,72,57,70,199,91,95,73,259
11230,F,72,77,95,244,99,94,100,293
11231,F,63,62,100,225,52,8,99,159
11232,M,66,55,71,192,64,81,91,236
11233,M,61,59,67,187,80,83,81,244
11234,M,63,57,90,210,87,48,94,229
11235,M,68,69,82,219,89,100,95,284
11236,F,70,69,100,239,90,88,97,275
11237,M,59,58,75,192,59,91,98,248
11238,F,86,64,80,230,88,88,97,273
11239,F,76,79,90,245,99,97,100,296
11240,M,73,68,90,231,89,89,98,276
11241,M,69,59,90,218,97,89,96,282
11242,M,71,73,95,239,77,90,98,265
11243,F,66,60,78,204,78,78,90,246
11244,F,73,69,85,227,84,94,99,277
11245,M,61,65,90,216,4,7,97,108
11246,M,71,66,67,204,80,95,86,261
11247,M,63,71,85,219,64,92,98,254
11248,M,65,54,76,195,90,80,92,262
11249,M,73,69,95,237,61,73,100,234
11250,M,60,59,80,199,76,70,96,242
11251,M,69,68,95,232,77,95,98,270
11252,M,68,62,80,210,87,92,100,279
11253,M,60,73,85,218,95,92,99,286
11254,F,66,51,95,212,3,4,91,98
11255,M,78,68,90,236,99,95,100,294
11256,F,70,58,90,218,84,12,100,196
11257,M,69,77,95,241,98,91,100,289
11258,M,76,73,95,244,96,100,100,296
11259,M,66,68,90,224,100,95,100,295
11260,F,71,100,90,261,94,94,97,285
11261,M,63,88,95,246,89,90,97,276
11262,M,61,71,85,217,98,95,96,289
11263,F,78,62,90,230,75,86,96,257
11264,M,65,62,95,222,70,85,100,255
11265,M,70,65,90,225,99,96,100,295
11266,M,66,69,85,220,97,94,95,286
11267,M,48,52,78,178,59,62,96,217
11268,M,56,59,75,190,66,96,87,249
11269,M,63,69,80,212,88,74,96,258
11270,M,68,79,95,242,100,74,100,274
11271,F,69,62,82,213,72,89,93,254
11272,F,66,76,82,224,85,95,93,273
11273,F,61,55,80,196,74,67,96,237
11274,M,71,73,82,226,100,90,98,288
11275,F,61,65,90,216,61,59,91,211
11276,M,61,65,80,206,85,31,94,210
11277,M,58,75,95,228,88,92,100,280
11278,F,68,54,76,198,82,59,95,236
11279,M,63,62,78,203,94,96,98,288
11280,F,55,54,85,194,76,45,97,218
11281,M,68,79,78,225,88,82,100,270
11282,F,58,66,95,219,85,73,98,256
11283,M,61,45,53,159,40,47,53,140
11284,F,71,49,82,202,97,17,82,196
11285,F,61,55,82,198,15,29,94,138
11286,M,63,73,82,218,77,78,89,244
11287,M,73,73,85,231,93,100,99,292
11288,F,69,59,85,213,81,45,97,223
11289,M,55,66,100,221,70,59,98,227
11290,M,71,59,80,210,72,91,97,260
11291,F,58,66,53,177,100,87,78,265
11292,M,66,59,71,196,68,68,87,223
11293,M,63,57,48,168,93,53,69,215
11294,M,65,66,85,216,90,93,100,283
11295,M,58,75,71,204,74,66,76,216
11296,M,61,62,78,201,46,24,97,167
11297,M,73,69,85,227,70,29,98,197
11298,F,70,67,85,222,73,84,96,253
11299,M,66,81,82,229,91,87,97,275
11300,M,60,62,75,197,77,95,93,265
11301,F,48,55,43,146,20,5,24,49
11302,M,68,62,82,212,70,94,99,263
11303,F,56,55,76,187,76,75,89,240
11304,F,53,57,65,175,51,13,66,130
11305,M,63,59,75,197,70,69,90,229
11306,M,71,62,95,228,95,84,99,278
11307,M,69,81,82,232,85,88,95,268
11308,F,56,59,78,193,52,63,92,207
11309,F,69,61,90,220,67,12,96,175
11310,M,78,71,51,200,98,84,78,260
11311,M,55,61,85,201,46,17,94,157
11312,F,53,59,78,190,91,78,94,263
11313,F,69,55,82,206,94,80,98,272
11314,F,61,52,75,188,63,68,97,228
11315,M,72,79,67,218,89,84,72,245
11316,F,55,69,78,202,68,62,95,225
11317,M,60,57,78,195,69,55,91,215
11318,M,69,81,90,240,92,100,100,292
11319,F,49,59,78,186,58,42,93,193
11320,F,71,65,80,216,99,98,100,297
11321,M,76,79,100,255,88,54,100,242
11322,F,70,71,85,226,66,94,99,259
11323,M,68,59,78,205,81,74,98,253
11324,F,62,61,85,208,95,73,95,263
11325,F,63,62,73,198,38,37,97,172
11326,M,80,57,80,217,73,87,97,257
11327,M,62,67,73,202,98,78,81,257
11328,M,63,69,70,202,72,73,89,234
11329,M,71,71,85,227,94,92,92,278
11330,M,65,59,68,192,80,8,90,178
11331,M,72,66,65,203,91,98,89,278
11332,M,69,57,82,208,78,64,92,234
11333,M,80,77,90,247,98,94,96,288
11334,M,69,71,82,222,100,79,94,273
11335,F,55,62,78,195,79,79,96,254
11336,F,65,52,76,193,93,60,97,250
11337,M,65,79,85,229,22,86,95,203
11338,M,66,62,85,213,75,75,97,247
11339,M,63,66,95,224,94,81,99,274
11340,M,55,54,76,185,51,74,86,211
11341,F,76,73,85,234,96,88,89,273
11342,M,52,57,73,182,54,20,74,148
11343,F,69,66,76,211,100,89,72,261
11344,M,76,79,71,226,94,95,94,283
11345,M,62,64,70,196,96,79,89,264
11346,M,53,49,70,172,33,75,88,196
11347,M,53,66,90,209,85,74,92,251
11348,F,63,57,76,196,89,76,96,261
11349,M,73,69,73,215,67,84,94,245
11350,M,76,59,95,230,86,88,98,272
11351,M,53,57,85,195,65,85,98,248
11352,M,69,71,82,222,93,85,98,276
11353,M,61,48,75,184,17,3,90,110
11354,M,58,66,90,214,90,93,95,278
11355,F,63,68,85,216,86,90,98,274
11356,M,76,69,85,230,93,91,97,281
11357,M,69,59,82,210,70,87,97,254
11358,F,63,49,76,188,83,54,91,228
11359,F,65,52,78,195,36,93,92,221
11360,F,61,59,75,195,96,93,96,285
11361,F,63,59,80,202,73,83,93,249
11362,F,76,79,95,250,92,76,97,265
11363,M,76,63,90,229,97,95,98,290
11364,M,66,71,100,237,98,87,100,285
11365,M,63,59,95,217,83,91,99,273
11366,M,71,59,85,215,76,37,98,211
11367,M,62,52,78,192,83,67,93,243
11368,F,66,71,82,219,76,91,98,265
11369,F,71,68,82,221,98,90,100,288
11370,M,48,66,82,196,73,89,99,261
11371,M,62,67,78,207,96,73,87,256
11372,F,53,47,64,164,48,34,76,158
11373,F,58,57,70,185,62,53,82,197
11374,M,73,69,95,237,98,100,100,298
11375,M,70,62,85,217,71,93,94,258
11376,M,59,61,68,188,79,58,89,226
11377,F,77,70,78,225,90,100,95,285
11378,F,79,62,85,226,83,96,93,272
11379,M,67,66,85,218,1,62,96,159
11380,F,69,52,68,189,76,80,85,241
11381,M,56,67,68,191,86,91,95,272
11382,M,50,54,78,182,24,32,93,149
11383,M,68,69,90,227,99,71,100,270
11384,F,66,75,71,212,92,100,91,283
11385,F,71,62,58,191,46,91,73,210
11386,F,59,62,80,201,68,81,97,246
11387,F,65,64,80,209,69,76,98,243
11388,F,61,52,90,203,93,90,98,281
11389,F,56,65,82,203,85,94,99,278
11390,M,78,65,82,225,93,89,98,280
11391,M,51,66,85,202,56,65,94,215
11392,M,68,66,74,208,67,98,85,250
11393,M,73,73,95,241,95,100,98,293
11394,F,75,62,85,222,79,92,98,269
11395,M,59,58,90,207,94,91,100,285
11396,F,63,47,76,186,94,89,81,264
11397,M,68,73,90,231,95,100,98,293
11398,F,66,64,85,215,94,97,95,286
11399,M,58,100,95,253,96,99,97,292
11400,F,76,72,90,238,95,98,98,291
11401,M,63,81,80,224,87,94,97,278
11402,M,62,61,82,205,86,75,99,260
11403,M,56,57,59,172,71,67,40,178
11404,M,63,66,56,185,77,84,82,243
11405,M,76,77,62,215,92,100,97,289
11406,M,63,62,90,215,96,97,97,290
11407,M,63,69,70,202,75,60,92,227
11408,M,73,73,100,246,88,94,100,282
11409,M,73,68,95,236,92,69,100,261
11410,M,56,65,76,197,46,25,95,166
11411,M,75,75,95,245,79,88,97,264
11412,F,66,58,76,200,75,86,92,253
11413,F,60,62,82,204,99,91,98,288
11414,M,63,57,51,171,27,9,83,119
11415,F,70,59,80,209,92,90,90,272
11416,F,82,62,82,226,79,95,99,273
11417,F,65,61,90,216,62,97,96,255
11418,M,53,48,53,154,74,24,67,165
11419,M,60,54,76,190,43,71,88,202
11420,M,63,69,85,217,93,90,91,274
11421,M,63,73,70,206,100,80,85,265
11422,F,65,62,95,222,64,97,96,257
11423,F,63,65,95,223,98,100,100,298
11424,F,63,62,82,207,72,98,95,265
11425,F,69,68,85,222,84,95,98,277
11426,F,63,59,82,204,82,90,99,271
11427,M,53,57,59,169,72,81,84,237
11428,M,55,54,82,191,91,15,95,201
11429,M,69,57,49,175,53,46,79,178
11430,M,66,57,78,201,53,83,88,224
11431,M,70,57,95,222,73,36,96,205
11432,M,63,52,75,190,42,21,98,161
11433,M,74,67,82,223,96,100,94,290
11434,M,66,71,90,227,98,80,96,274
11435,F,75,75,90,240,81,97,100,278
11436,F,73,57,78,208,84,86,85,255
11437,M,63,62,55,180,70,96,88,254
11438,F,47,55,51,153,35,65,77,177
11439,F,58,52,60,170,41,2,70,113
11440,M,56,50,74,180,38,42,81,161
11441,F,59,47,53,159,21,29,61,111
11442,F,61,69,65,195,92,78,77,247
11443,F,71,81,80,232,99,91,92,282
11444,M,53,31,43,127,36,7,7,50
11445,M,58,77,74,209,89,85,95,269
11446,M,55,57,95,207,87,67,96,250
11447,M,68,79,95,242,99,99,100,298
11448,M,62,79,90,231,94,97,96,287
11449,M,79,59,76,214,84,76,92,252
11450,M,65,66,100,231,12,1,80,93
11451,M,62,73,90,225,98,100,100,298
11452,M,55,59,46,160,16,19,11,46
11453,F,63,50,71,184,82,63,91,236
11454,F,41,49,70,160,53,62,93,208
11455,M,56,65,71,192,74,66,94,234
11456,M,59,67,48,174,86,100,75,261
11457,F,74,73,76,223,89,84,90,263
11458,F,58,57,75,190,62,48,96,206
11459,F,63,59,75,197,44,70,99,213
11460,F,72,82,80,234,81,71,96,248
11461,F,75,52,80,207,75,73,94,242
11462,F,64,50,72,186,83,87,79,249
11463,M,69,62,82,213,99,92,100,291
11464,M,75,72,90,237,93,85,95,273
11465,M,65,53,73,191,88,59,91,238
11466,M,57,30,73,160,78,8,86,172
11467,M,69,71,80,220,100,77,98,275
11468,M,76,91,72,239,88,84,90,262
11469,M,76,66,85,227,92,96,100,288
11470,M,63,62,80,205,93,90,90,273
11471,M,55,41,52,148,65,74,80,219
11472,M,70,64,80,214,57,69,95,221
11473,M,44,44,39,127,9,18,11,38
11474,M,76,73,90,239,59,10,100,169
11475,M,66,63,90,219,96,96,100,292
11476,M,66,65,95,226,79,90,97,266
11477,M,59,62,80,201,98,91,95,284
11478,M,58,60,52,170,78,82,46,206
11479,M,45,49,46,140,43,48,31,122
11480,F,50,52,56,158,89,92,79,260
11481,M,58,62,78,198,49,59,88,196
11482,F,65,62,95,222,95,86,96,277
11483,M,72,82,95,249,99,100,99,298
11484,M,71,57,67,195,16,27,82,125
11485,M,71,62,82,215,93,88,100,281
11486,M,58,65,76,199,76,60,95,231
11487,F,59,61,48,168,75,81,57,213
11488,F,32,40,44,116,39,23,51,113
11489,M,60,62,59,181,77,79,72,228
11490,M,65,79,85,229,90,82,100,272
11491,M,55,59,65,179,51,77,80,208
11492,M,84,73,90,247,92,91,100,283
11493,M,65,69,95,229,75,88,95,258
11494,F,44,48,46,138,9,30,70,109
11495,F,45,50,58,153,19,36,56,111
11496,F,71,50,64,185,80,68,87,235
11497,M,49,58,90,197,85,96,95,276
11498,M,63,62,50,175,43,15,69,127
11499,M,58,59,64,181,88,79,86,253
11500,F,67,57,71,195,91,60,74,225
11501,M,60,67,77,204,88,89,82,259
11502,M,67,62,81,210,93,87,98,278
11503,F,62,61,77,200,77,46,89,212
11504,F,75,65,65,205,95,84,68,247
11505,F,48,50,45,143,21,40,64,125
11506,F,72,77,88,237,89,89,99,277
11507,F,63,67,85,215,92,93,94,279
11508,F,67,64,77,208,83,80,96,259
11509,F,65,64,79,208,77,74,89,240
11510,M,57,59,48,164,81,18,84,183
11511,M,55,53,45,153,73,44,62,179
11512,M,60,69,68,197,95,52,75,222
11513,F,78,64,82,224,66,78,93,237
11514,F,62,69,93,224,93,94,97,284
11515,M,49,55,70,174,5,44,71,120
11516,F,92,69,81,242,95,90,94,279
11517,M,55,56,54,165,15,34,62,111
11518,F,67,69,71,207,89,93,93,275
11519,M,67,69,59,195,63,79,52,194
11520,M,67,69,79,215,46,70,80,196
11521,F,65,65,65,195,66,72,90,228
11522,M,67,62,60,189,98,77,61,236
11523,M,63,66,59,188,82,91,87,260
11524,F,65,62,58,185,47,28,68,143
11525,M,72,71,60,203,97,95,89,281
11526,M,67,73,88,228,85,91,89,265
11527,F,72,69,79,220,87,88,88,263
11528,F,52,49,51,152,30,53,22,105
11529,M,52,56,48,156,25,24,38,87
11530,M,78,88,88,254,96,96,97,289
11531,M,75,77,88,240,96,93,90,279
11532,M,69,67,88,224,86,84,98,268
11533,M,60,65,79,204,85,98,91,274
11534,M,63,77,88,228,92,88,96,276
11535,M,69,67,93,229,94,100,96,290
11536,M,78,67,88,233,97,88,98,283
11537,M,69,63,56,188,93,93,81,267
11538,F,63,71,88,222,82,97,96,275
11539,F,75,73,59,207,61,80,84,225
11540,F,67,67,73,207,97,99,87,283
11541,F,69,59,67,195,57,27,90,174
11542,M,65,61,61,187,74,20,75,169
11543,M,75,62,71,208,93,15,91,199
11544,M,79,80,100,259,99,97,100,296
11545,M,55,57,45,157,52,39,54,145
11546,F,72,67,100,239,95,55,99,249
11547,M,61,67,70,198,71,81,83,235
11548,F,63,53,59,175,41,26,32,99
11549,M,48,69,59,176,56,59,82,197
11550,F,48,61,73,182,43,66,85,194
11551,M,56,62,49,167,22,87,45,154
11552,F,52,64,60,176,70,47,64,181
11553,F,63,61,64,188,92,96,87,275
11554,F,75,64,79,218,76,63,79,218
11555,M,38,46,51,135,40,44,71,155
11556,F,61,56,71,188,78,85,85,248
11557,F,43,38,45,126,7,13,11,31
11558,F,65,67,75,207,35,87,72,194
11559,F,75,62,93,230,87,61,96,244
11560,F,57,53,63,173,63,76,78,217
11561,M,72,80,60,212,99,97,90,286
11562,M,84,78,75,237,98,98,95,291
11563,F,69,60,58,187,86,33,78,197
11564,F,84,75,69,228,97,93,90,280
11565,F,63,64,73,200,93,82,80,255
11566,M,67,71,82,220,74,89,99,262
11567,M,61,77,77,215,95,95,90,280
11568,M,67,67,68,202,100,89,80,269
11569,F,84,62,66,212,95,92,85,272
11570,M,69,69,71,209,98,97,89,284
11571,M,44,42,81,167,36,2,93,131
11572,M,67,61,79,207,81,4,92,177
11573,M,55,54,55,164,41,60,59,160
11574,F,54,50,57,161,46,19,60,125
11575,M,69,70,75,214,95,90,93,278
11576,M,63,78,79,220,95,44,96,235
11577,F,72,67,58,197,89,93,61,243
11578,F,52,54,55,161,19,25,22,66
11579,F,50,47,54,151,65,65,36,166
11580,F,48,51,53,152,53,62,77,192
11581,F,65,65,64,194,87,67,70,224
11582,M,60,70,56,186,89,53,50,192
11583,M,56,65,88,209,84,84,90,258
11584,M,75,72,75,222,78,99,92,269
11585,M,67,71,60,198,93,100,94,287
11586,F,60,67,79,206,86,67,93,246
11587,F,72,67,88,227,89,59,100,248
11588,F,51,40,48,139,6,37,17,60
11589,F,83,81,88,252,97,96,97,290
11590,M,75,77,59,211,37,75,91,203
11591,M,55,59,66,180,55,70,75,200
11592,F,79,67,77,223,86,86,85,257
11593,M,61,71,61,193,98,86,82,266
11594,F,63,65,79,207,72,70,94,236
11595,M,51,44,45,140,83,20,55,158
11596,M,75,80,100,255,98,98,99,295
11597,M,54,66,60,180,49,48,74,171
11598,M,57,65,59,181,2,86,84,172
11599,F,65,59,49,173,80,79,59,218
11600,M,67,65,57,189,92,79,83,254
11601,F,63,64,58,185,91,73,87,251
11602,F,55,56,51,162,50,81,69,200
11603,F,57,56,47,160,64,81,42,187
11604,M,78,80,100,258,100,98,99,297
11605,F,75,77,81,233,96,97,92,285
11606,F,72,75,88,235,97,92,96,285
11607,M,63,67,82,212,92,63,88,243
11608,F,67,69,67,203,65,89,93,247
11609,M,52,50,55,157,57,86,58,201
11610,F,63,59,71,193,93,42,90,225
11611,M,65,71,65,201,54,61,81,196
11612,M,65,69,61,195,89,34,73,196
11613,F,63,50,71,184,86,68,83,237
11614,F,60,62,100,222,82,99,95,276
11615,M,62,67,53,182,57,26,78,161
11616,M,62,64,58,184,66,98,76,240
11617,M,63,65,53,181,83,54,24,161
11618,M,48,47,53,148,67,9,17,93
11619,F,69,49,71,189,81,28,69,178
11620,M,67,71,45,183,35,81,14,130
11621,F,57,61,56,174,21,60,71,152
11622,F,60,54,49,163,44,69,77,190
11623,F,65,65,71,201,75,69,81,225
11624,F,63,53,70,186,65,43,74,182
11625,F,61,54,59,174,36,66,74,176
11626,M,51,56,59,166,56,17,49,122
11627,F,52,57,54,163,62,58,50,170
11628,M,49,46,43,138,39,64,26,129
11629,M,67,81,85,233,96,99,96,291
11630,M,75,64,88,227,94,86,97,277
11631,M,67,75,81,223,87,97,97,281
11632,M,69,67,73,209,85,90,93,268
11633,M,67,64,69,200,91,82,86,259
11634,F,54,64,59,177,86,95,84,265
11635,F,62,65,69,196,68,55,90,213
11636,F,65,62,75,202,91,87,92,270
11637,F,79,60,60,199,54,30,68,152
11638,M,62,65,65,192,86,98,78,262
11639,F,75,71,88,234,78,96,95,269
11640,F,67,59,53,179,93,91,74,258
11641,M,54,56,71,181,54,85,90,229
11642,M,75,80,100,255,100,100,99,299
11643,M,57,70,48,175,64,79,71,214
11644,F,55,57,56,168,71,71,71,213
11645,F,69,67,93,229,93,82,98,273
11646,F,58,57,66,181,65,36,47,148
11647,M,75,65,88,228,88,85,92,265
11648,M,63,67,93,223,49,70,94,213
11649,M,60,61,71,192,92,78,82,252
11650,M,63,58,48,169,74,34,46,154
11651,M,83,77,100,260,99,94,99,292
11652,F,72,78,79,229,90,95,89,274
11653,M,55,69,63,187,94,32,68,194
11654,F,58,51,47,156,61,39,22,122
11655,M,67,75,93,235,92,95,100,287
11656,M,78,69,100,247,92,39,93,224
11657,M,75,80,93,248,79,100,96,275
11658,F,67,69,100,236,90,30,99,219
11659,F,69,70,62,201,86,71,69,226
11660,M,58,63,61,182,62,42,80,184
11661,M,54,73,93,220,80,83,93,256
11662,F,55,49,54,158,81,80,75,236
11663,M,47,57,65,169,76,42,84,202
11664,M,58,64,62,184,90,89,85,264
11665,M,70,78,68,216,91,91,87,269
11666,F,75,65,68,208,93,90,90,273
11667,M,49,41,45,135,15,15,38,68
11668,M,57,47,56,160,74,6,72,152
11669,M,50,62,56,168,27,67,50,144
11670,F,63,65,73,201,78,71,83,232
11671,M,58,60,58,176,79,83,82,244
11672,F,61,62,61,184,84,86,78,248
11673,F,51,59,67,177,81,70,75,226
11674,M,60,60,56,176,86,52,56,194
11675,M,65,61,93,219,96,29,97,222
11676,M,36,33,48,117,3,12,50,65
11677,M,57,67,81,205,63,49,88,200
11678,F,57,59,48,164,67,38,31,136
11679,M,50,49,63,162,2,6,70,78
11680,M,63,69,84,216,93,88,93,274
11681,M,65,65,60,190,30,73,74,177
11682,M,65,71,71,207,100,95,91,286
11683,M,44,57,44,145,14,50,33,97
11684,M,69,67,59,195,85,85,83,253
11685,M,67,69,70,206,89,93,92,274
11686,M,51,58,63,172,78,36,72,186
11687,M,55,50,53,158,30,50,29,109
11688,F,65,53,54,172,49,35,56,140
11689,M,58,61,71,190,93,99,93,285
11690,M,67,64,88,219,79,87,92,258
11691,M,77,81,89,247,52,85,97,234
11692,F,67,88,100,255,95,96,100,291
11693,M,60,71,54,185,86,88,57,231
11694,M,63,80,61,204,78,92,36,206
11695,M,58,57,55,170,77,43,79,199
11696,M,65,67,69,201,31,94,86,211
11697,M,67,73,60,200,95,97,92,284
11698,M,58,53,61,172,68,51,75,194
11699,M,72,83,60,215,94,100,89,283
11700,F,63,77,88,228,94,94,92,280
11701,F,92,73,88,253,99,73,98,270
11702,F,62,64,84,210,95,91,89,275
11703,F,65,67,82,214,50,25,89,164
11704,F,69,70,93,232,90,97,93,280
11705,M,67,57,64,188,45,67,89,201
11706,M,72,66,93,231,93,85,98,276
11707,M,58,61,58,177,48,61,73,182
11708,M,67,66,73,206,64,54,87,205
11709,F,75,75,67,217,99,96,76,271
11710,M,57,53,59,169,53,77,60,190
11711,M,55,59,53,167,45,55,81,181
11712,M,61,56,82,199,91,91,92,274
11713,M,79,78,81,238,97,86,92,275
11714,M,79,88,100,267,98,100,95,293
11715,F,69,73,88,230,96,98,96,290
11716,M,92,78,100,270,98,99,100,297
11717,F,79,69,79,227,94,81,98,273
11718,M,58,61,67,186,66,49,68,183
11719,F,72,65,64,201,92,74,92,258
11720,M,60,62,71,193,64,6,78,148
11721,M,78,75,100,253,99,86,98,283
11722,F,47,55,44,146,5,12,12,29
11723,M,56,61,47,164,10,50,57,117
11724,M,58,67,75,200,98,96,93,287
11725,F,57,50,75,182,78,4,85,167
11726,M,69,62,93,224,97,96,98,291
11727,M,61,65,88,214,70,69,86,225
11728,M,65,73,61,199,73,77,50,200
11729,F,50,35,48,133,19,36,38,93
11730,F,61,50,53,164,33,78,20,131
11731,M,61,57,58,176,49,64,73,186
11732,F,75,67,71,213,89,93,95,277
11733,F,55,60,48,163,26,61,40,127
11734,F,91,69,88,248,84,61,94,239
11735,M,67,65,67,199,94,74,88,256
11736,F,67,57,69,193,66,89,86,241
11737,F,67,65,57,189,87,77,86,250
11738,F,60,48,64,172,58,21,80,159
11739,M,60,67,50,177,27,85,63,175
11740,F,75,75,75,225,92,80,91,263
11741,M,60,67,58,185,74,75,82,231
11742,M,63,78,88,229,93,89,97,279
11743,M,60,69,100,229,74,77,95,246
11744,M,78,77,61,216,98,79,68,245
11745,M,69,67,77,213,59,55,85,199
11746,F,56,61,48,165,65,61,59,185
11747,F,63,52,59,174,53,74,75,202
11748,M,57,61,53,171,55,82,84,221
11749,M,60,50,51,161,31,12,18,61
11750,F,72,62,88,222,75,89,92,256
11751,F,62,65,56,183,47,68,69,184
11752,M,47,56,50,153,34,48,67,149
11753,M,75,73,93,241,100,99,100,299
11754,F,67,67,66,200,99,89,73,261
11755,M,67,65,57,189,79,70,83,232
11756,M,83,81,100,264,100,97,100,297
11757,F,63,63,60,186,51,79,61,191
11758,F,51,46,45,142,37,4,26,67
11759,F,60,62,55,177,41,68,82,191
11760,M,60,63,59,182,92,46,76,214
11761,M,83,67,75,225,84,90,83,257
11762,F,79,75,73,227,84,92,88,264
11763,F,57,55,48,160,81,3,56,140
11764,M,55,67,60,182,58,90,82,230
11765,F,58,69,59,186,76,68,83,227
11766,M,60,55,68,183,71,34,64,169
11767,M,57,56,54,167,81,76,79,236
11768,F,75,77,100,252,92,67,91,250
11769,F,65,53,57,175,55,5,66,126
11770,M,65,61,65,191,83,96,86,265
11771,F,65,75,53,193,76,73,82,231
11772,F,63,60,64,187,70,85,68,223
11773,M,63,51,61,175,71,91,73,235
11774,M,65,69,85,219,88,94,98,280
11775,M,75,65,88,228,75,92,97,264
11776,M,58,71,68,197,51,89,79,219
11777,F,55,62,84,201,74,44,88,206
11778,F,58,53,50,161,45,48,64,157
11779,F,43,56,63,162,58,35,81,174
11780,F,69,61,82,212,84,81,94,259
11781,M,58,62,59,179,88,86,79,253
11782,F,60,65,79,204,93,62,97,252
11783,F,63,67,65,195,87,90,78,255
11784,M,63,93,71,227,99,100,93,292
11785,M,47,50,49,146,31,55,21,107
11786,F,72,64,100,236,89,83,97,269
11787,M,55,65,52,172,64,83,39,186
11788,F,55,59,56,170,56,97,75,228
11789,M,72,64,77,213,83,13,93,189
11790,M,63,65,58,186,98,87,76,261
11791,M,69,75,93,237,98,98,99,295
11792,M,98,84,78,260,91,98,94,283
11793,M,65,66,59,190,68,62,78,208
11794,F,55,60,75,190,90,82,92,264
11795,M,72,62,79,213,87,60,87,234
11796,F,65,69,93,227,97,92,97,286
11797,M,50,47,58,155,51,28,80,159
11798,M,79,60,77,216,94,96,87,277
11799,F,63,59,82,204,47,80,85,212
11800,M,72,100,100,272,93,100,96,289
11801,M,69,69,56,194,59,65,63,187
11802,F,84,59,73,216,85,75,86,246
11803,F,75,69,61,205,95,18,86,199
11804,M,92,77,81,250,83,88,92,263
11805,F,65,73,65,203,90,92,68,250
11806,M,61,72,47,180,93,88,43,224
11807,F,55,60,50,165,89,68,77,234
11808,F,57,47,49,153,65,40,69,174
11809,F,55,52,52,159,29,27,30,86
11810,M,60,73,71,204,80,71,89,240
11811,F,55,50,50,155,91,78,42,211
11812,M,72,62,73,207,77,72,88,237
11813,F,44,37,48,129,75,47,32,154
11814,F,47,50,48,145,23,49,22,94
11815,F,67,73,81,221,84,90,100,274
11816,F,75,77,66,218,97,98,92,287
11817,F,69,67,84,220,82,87,87,256
11818,M,69,80,79,228,95,95,100,290
11819,M,58,53,65,176,58,75,82,215
11820,M,43,42,40,125,8,3,1,12
11821,M,79,65,88,232,99,78,91,268
11822,M,63,60,56,179,68,79,81,228
11823,F,55,61,38,154,67,58,46,171
11824,M,65,73,88,226,95,92,98,285
11825,F,43,37,38,118,2,5,55,62
11826,F,65,72,55,192,70,92,40,202
11827,M,61,67,50,178,41,29,77,147
11828,F,56,61,61,178,72,72,51,195
11829,F,60,64,73,197,95,92,74,261
11830,M,67,75,71,213,34,82,94,210
11831,F,75,63,84,222,59,97,95,251
11832,F,67,65,68,200,91,89,82,262
11833,M,70,73,79,222,98,37,85,220
11834,F,63,67,67,197,63,87,81,231
11835,F,60,72,93,225,79,85,94,258
11836,F,60,56,59,175,62,83,51,196
11837,F,75,72,88,235,87,93,100,280
11838,F,60,69,52,181,86,88,50,224
11839,M,61,64,61,186,88,98,76,262
11840,F,72,75,93,240,98,92,72,262
11841,M,69,69,85,223,63,84,90,237
11842,M,61,64,65,190,31,85,71,187
11843,F,62,54,49,165,81,72,42,195
11844,F,75,65,77,217,79,89,88,256
11845,F,67,61,60,188,82,16,60,158
11846,M,57,53,58,168,48,52,42,142
11847,F,75,65,73,213,96,96,91,283
11848,F,72,69,52,193,93,56,53,202
11849,F,65,75,84,224,96,97,92,285
11850,M,65,62,66,193,87,77,86,250
11851,F,63,64,64,191,65,38,77,180
11852,M,44,59,57,160,21,55,72,148
11853,M,77,81,78,236,94,98,85,277
11854,M,60,63,81,204,81,26,93,200
11855,M,50,60,71,181,55,47,88,190
11856,F,72,71,93,236,93,74,90,257
11857,F,75,72,100,247,99,97,97,293
11858,M,60,75,58,193,83,78,78,239
11859,M,72,87,88,247,98,98,88,284
11860,F,65,67,79,211,83,77,77,237
11861,F,92,67,100,259,99,95,97,291
11862,M,52,72,68,192,73,84,86,243
11863,F,72,67,88,227,58,38,95,191
11864,F,100,93,100,293,99,100,97,296
11865,M,72,63,100,235,98,73,97,268
11866,M,78,78,100,256,86,93,98,277
11867,M,69,78,93,240,98,97,99,294
11868,M,69,77,100,246,91,90,100,281
11869,F,75,58,88,221,55,67,91,213
11870,F,60,59,100,219,69,71,96,236
11871,M,92,75,93,260,95,37,94,226
11872,M,57,49,54,160,50,61,69,180
11873,F,75,71,88,234,83,95,93,271
11874,M,54,67,57,178,77,87,70,234
11875,M,55,59,61,175,21,75,73,169
11876,F,70,73,68,211,95,98,82,275
11877,F,67,62,88,217,84,88,97,269
11878,M,70,71,77,218,93,87,91,271
11879,F,78,62,71,211,90,88,72,250
11880,F,65,73,93,231,85,81,82,248
11881,M,63,69,59,191,97,15,65,177
11882,F,57,61,68,186,90,37,59,186
11883,M,67,64,71,202,61,30,86,177
11884,F,58,44,58,160,12,41,71,124
11885,F,65,69,82,216,96,84,88,268
11886,M,65,61,48,174,66,69,5,140
11887,M,92,70,69,231,72,94,86,252
11888,F,62,59,79,200,78,70,94,242
11889,M,65,83,81,229,32,53,93,178
11890,F,61,59,71,191,34,78,80,192
11891,M,60,69,64,193,69,78,84,231
11892,M,65,81,68,214,50,88,87,225
11893,M,69,64,85,218,70,73,94,237
11894,M,63,65,57,185,91,91,77,259
11895,F,67,70,77,214,95,60,92,247
11896,F,67,73,100,240,95,88,86,269
11897,F,72,65,73,210,92,95,69,256
11898,M,63,62,79,204,45,85,87,217
11899,F,52,53,57,162,59,11,71,141
11900,F,57,40,50,147,52,17,64,133
11901,M,78,75,93,246,97,100,96,293
11902,M,54,50,53,157,37,18,50,105
11903,M,72,78,93,243,95,94,98,287
11904,M,70,71,79,220,94,95,89,278
11905,M,72,62,77,211,69,96,95,260
11906,F,52,57,41,150,11,63,43,117
11907,M,60,67,52,179,96,64,67,227
11908,M,50,54,49,153,46,60,29,135
11909,M,52,58,64,174,32,61,81,174
11910,F,69,75,93,237,79,98,96,273
11911,F,57,65,58,180,58,63,79,200
11912,F,75,65,71,211,99,94,94,287
11913,M,70,69,100,239,83,93,97,273
11914,M,52,54,58,164,64,47,67,178
11915,F,65,61,64,190,94,96,83,273
11916,F,67,67,79,213,98,93,98,289
11917,M,60,58,68,186,91,92,91,274
11918,F,44,42,42,128,21,12,29,62
11919,F,58,67,54,179,78,62,67,207
11920,F,75,62,85,222,97,75,98,270
11921,F,75,67,65,207,99,91,89,279
11922,F,67,67,65,199,65,72,37,174
11923,M,61,66,79,206,86,87,99,272
11924,M,54,49,45,148,86,67,4,157
11925,M,57,69,81,207,53,39,95,187
11926,M,70,67,64,201,87,99,83,269
11927,F,65,61,55,181,68,72,66,206
11928,F,65,67,58,190,74,66,73,213
11929,M,55,64,53,172,73,78,75,226
11930,M,69,59,65,193,66,44,65,175
11931,M,61,52,49,162,32,12,30,74
11932,M,70,67,54,191,89,84,58,231
11933,F,57,52,52,161,57,22,33,112
11934,M,45,53,60,158,59,27,55,141
11935,F,62,59,54,175,43,60,75,178
11936,M,63,73,53,189,82,70,39,191
11937,M,57,57,66,180,43,87,86,216
11938,M,51,60,55,166,58,41,72,171
11939,F,51,46,41,138,35,65,49,149
11940,F,58,61,54,173,1,48,51,100
11941,F,72,65,93,230,97,87,95,279
11942,M,72,71,77,220,93,33,97,223
11943,M,69,75,71,215,87,86,88,261
11944,M,65,61,51,177,78,79,61,218
11945,F,52,53,50,155,22,42,63,127
11946,F,60,56,50,166,44,15,25,84
11947,M,65,69,100,234,95,90,94,279
11948,F,69,56,61,186,47,26,62,135
11949,F,67,66,70,203,64,74,83,221
11950,M,63,69,59,191,60,88,83,231
11951,M,63,67,52,182,60,92,62,214
11952,M,58,54,54,166,74,67,44,185
11953,M,54,56,58,168,55,30,83,168
11954,M,65,72,77,214,96,80,87,263
11955,M,58,62,82,202,70,68,93,231
11956,M,61,56,45,162,38,41,43,122
11957,M,75,80,93,248,94,94,65,253
11958,M,57,65,73,195,43,81,89,213
11959,M,65,80,69,214,89,99,87,275
11960,F,54,49,44,147,41,52,28,121
11961,M,55,56,44,155,49,44,25,118
11962,F,57,53,48,158,71,57,27,155
11963,F,67,54,65,186,64,97,62,223
11964,F,51,38,51,140,15,46,18,79
11965,F,75,69,88,232,74,91,91,256
11966,F,78,71,68,217,72,96,79,247
11967,M,55,59,47,161,100,100,64,264
11968,M,70,75,65,210,85,98,94,277
11969,M,72,65,71,208,97,90,93,280
11970,M,60,65,59,184,95,89,52,236
11971,M,63,67,79,209,76,91,93,260
11972,F,69,67,51,187,35,40,23,98
11973,F,51,59,47,157,29,63,54,146
11974,F,70,62,49,181,47,81,27,155
11975,F,57,60,50,167,38,50,40,128
11976,M,60,61,58,179,65,65,27,157
11977,M,52,54,48,154,44,60,61,165
11978,M,47,56,52,155,5,86,75,166
11979,F,75,93,67,235,95,99,86,280
11980,F,92,69,64,225,97,91,77,265
11981,F,75,66,88,229,88,77,100,265
11982,M,65,66,67,198,74,60,66,200
11983,M,63,65,52,180,89,67,40,196
11984,F,65,62,73,200,77,7,87,171
11985,M,55,71,51,177,87,58,68,213
11986,M,92,77,100,269,100,98,100,298
11987,F,65,49,51,165,78,61,71,210
11988,M,58,47,48,153,17,55,74,146
11989,M,55,59,54,168,42,1,70,113
11990,M,55,61,68,184,65,71,79,215
11991,F,65,80,75,220,87,96,90,273
11992,M,67,66,82,215,94,88,98,280
11993,F,56,62,54,172,91,6,68,165
11994,F,75,67,69,211,98,91,74,263
11995,F,69,57,52,178,52,68,76,196
11996,M,52,57,50,159,21,7,17,45
11997,M,65,77,59,201,100,87,76,263
11998,F,62,64,93,219,95,83,94,272
11999,M,63,62,75,200,72,53,91,216
12000,F,70,65,88,223,79,74,95,248
12001,M,79,72,100,251,90,87,100,277
12002,M,65,65,85,215,82,82,92,256
12003,M,92,87,100,279,100,99,100,299
12004,F,63,88,88,239,100,94,95,289
12005,M,72,71,100,243,87,97,99,283
12006,M,78,81,71,230,99,95,95,289
12007,M,63,58,93,214,87,72,95,254
12008,M,61,71,63,195,18,60,78,156
12009,F,38,43,44,125,26,15,40,81
12010,M,67,67,48,182,86,100,70,256
12011,M,51,51,48,150,30,38,24,92
12012,F,67,62,68,197,76,77,75,228
12013,F,60,51,52,163,33,24,50,107
12014,F,57,58,82,197,80,64,90,234
12015,M,58,75,49,182,94,26,70,190
12016,M,83,81,100,264,98,100,100,298
12017,M,72,67,84,223,80,71,98,249
12018,F,79,88,100,267,98,99,100,297
12019,M,69,75,88,232,93,87,91,271
12020,M,58,62,54,174,23,26,46,95
12021,M,67,77,84,228,76,83,42,201
12022,M,57,49,62,168,26,29,44,99
12023,F,70,59,64,193,88,76,83,247
12024,F,72,62,58,192,84,84,80,248
12025,F,55,62,53,170,29,71,37,137
12026,F,62,75,64,201,65,54,57,176
12027,F,61,59,64,184,72,67,75,214
12028,M,92,77,93,262,100,92,98,290
12029,F,60,63,88,211,40,87,96,223
12030,M,60,58,58,176,27,90,77,194
12031,F,61,65,93,219,89,80,98,267
12032,M,63,69,61,193,90,87,75,252
12033,M,69,67,60,196,99,81,92,272
12034,F,60,61,66,187,72,69,92,233
12035,F,58,52,63,173,33,72,82,187
12036,M,65,65,59,189,96,5,72,173
12037,M,70,62,100,232,85,80,98,263
12038,M,38,52,52,142,57,47,63,167
12039,M,61,69,67,197,90,91,82,263
12040,M,58,58,70,186,85,74,87,246
12041,M,61,51,66,178,66,67,77,210
12042,M,49,56,61,166,17,2,69,88
12043,F,72,61,60,193,84,88,76,248
12044,M,57,62,50,169,46,21,76,143
12045,F,72,62,67,201,92,87,65,244
12046,F,63,59,53,175,86,95,66,247
12047,F,57,54,61,172,74,83,78,235
12048,M,63,50,58,171,85,54,49,188
12049,F,57,57,48,162,59,76,61,196
12050,M,61,62,64,187,89,94,82,265
12051,M,69,72,71,212,79,88,57,224
12052,F,51,58,60,169,60,53,67,180
12053,M,63,64,71,198,97,16,78,191
12054,M,65,70,53,188,26,11,69,106
12055,M,63,77,61,201,90,98,75,263
12056,M,65,65,75,205,81,83,90,254
12057,F,72,63,75,210,94,91,93,278
12058,F,72,72,84,228,79,84,94,257
12059,F,54,44,58,156,34,4,47,85
12060,F,78,71,60,209,94,86,68,248
12061,F,61,63,81,205,80,87,96,263
12062,M,54,67,65,186,90,81,76,247
12063,M,78,80,100,258,91,78,99,268
12064,M,54,53,60,167,35,13,77,125
12065,F,60,61,60,181,5,69,33,107
12066,M,72,66,60,198,30,62,48,140
12067,F,72,69,100,241,83,98,94,275
12068,M,69,71,51,191,3,3,4,10
12069,M,58,60,60,178,71,5,83,159
12070,F,63,56,73,192,54,22,78,154
12071,F,51,51,69,171,42,75,72,189
12072,M,67,69,63,199,79,78,78,235
12073,M,56,58,55,169,76,35,45,156
12074,M,57,69,71,197,70,40,92,202
12075,F,54,59,52,165,43,58,60,161
12076,F,63,54,61,178,70,66,70,206
12077,M,80,88,78,246,76,80,42,198
12078,M,50,49,42,141,54,34,24,112
12079,M,72,80,53,205,99,95,83,277
12080,F,63,64,50,177,54,89,51,194
12081,M,69,70,55,194,82,96,74,252
12082,F,60,70,73,203,49,50,79,178
12083,F,55,58,58,171,44,63,59,166
12084,M,55,57,66,178,37,10,77,124
12085,F,47,52,44,143,66,66,79,211
12086,M,62,65,75,202,46,97,61,204
12087,M,65,66,61,192,90,42,81,213
12088,F,69,60,53,182,87,89,57,233
12089,F,63,61,55,179,82,66,67,215
12090,F,58,57,55,170,57,18,49,124
12091,F,60,77,70,207,91,82,83,256
12092,M,61,59,57,177,86,89,81,256
12093,M,63,75,52,190,94,95,74,263
12094,F,61,62,63,186,66,25,71,162
12095,F,51,56,50,157,3,25,62,90
12096,M,63,59,55,177,68,21,38,127
12097,M,60,65,61,186,99,78,81,258
12098,F,63,49,79,191,85,80,87,252
12099,M,72,69,100,241,93,76,95,264
12100,M,72,87,65,224,85,85,70,240
12101,F,57,64,64,185,89,70,71,230
12102,M,55,71,49,175,67,84,65,216
12103,F,75,72,73,220,99,95,93,287
12104,M,57,56,53,166,22,13,30,65
12105,F,65,80,75,220,98,100,95,293
12106,M,60,64,100,224,92,65,99,256
12107,F,58,53,54,165,19,38,48,105
12108,M,58,65,73,196,65,92,76,233
12109,F,75,83,69,227,97,96,83,276
12110,M,65,67,56,188,70,13,75,158
12111,M,57,75,93,225,97,97,95,289
12112,M,83,75,100,258,99,99,100,298
12113,F,48,51,54,153,29,79,63,171
12114,M,67,65,73,205,88,88,89,265
12115,F,72,61,63,196,97,98,85,280
12116,M,72,73,82,227,89,99,94,282
12117,F,69,59,60,188,61,85,78,224
12118,M,65,77,93,235,90,85,94,269
12119,M,75,75,100,250,99,95,99,293
12120,F,72,75,93,240,86,81,94,261
12121,F,52,59,45,156,48,38,39,125
12122,F,55,60,55,170,69,83,72,224
12123,F,75,75,84,234,100,87,91,278
12124,F,75,75,62,212,92,84,65,241
12125,F,54,62,53,169,86,77,63,226
12126,M,35,47,45,127,40,1,8,49
12127,M,38,30,51,119,12,13,12,37
12128,M,70,71,60,201,77,65,47,189
12129,M,65,62,61,188,99,86,70,255
12130,M,55,64,61,180,59,48,72,179
12131,M,65,60,62,187,49,42,73,164
12132,M,51,66,44,161,54,69,21,144
12133,M,65,73,64,202,82,97,88,267
12134,M,75,62,73,210,97,60,91,248
12135,F,72,71,88,231,97,91,99,287
12136,M,54,53,69,176,16,14,77,107
12137,M,52,67,55,174,69,70,67,206
12138,F,69,67,88,224,92,90,99,281
12139,F,75,69,93,237,91,96,96,283
12140,M,79,73,59,211,93,79,86,258
12141,M,61,67,88,216,94,100,98,292
12142,M,65,69,85,219,67,77,89,233
12143,M,75,80,85,240,99,93,96,288
12144,M,69,67,84,220,89,81,89,259
12145,M,60,70,77,207,87,96,97,280
12146,M,65,67,82,214,98,95,93,286
12147,F,58,67,71,196,51,46,87,184
12148,M,69,65,100,234,20,9,95,124
12149,M,55,56,75,186,83,83,88,254
12150,M,70,57,50,177,27,77,63,167
12151,M,47,45,44,136,24,57,36,117
12152,M,57,65,72,194,64,74,76,214
12153,M,69,67,68,204,75,87,73,235
12154,F,58,48,58,164,53,52,61,166
12155,M,67,77,84,228,100,94,95,289
12156,M,58,53,53,164,25,22,51,98
12157,M,54,58,57,169,66,56,68,190
12158,M,67,73,88,228,92,88,96,276
12159,M,60,64,82,206,90,97,97,284
12160,M,69,72,88,229,95,86,90,271
12161,M,51,56,64,171,15,23,78,116
12162,M,58,61,58,177,74,12,80,166
12163,M,67,71,77,215,67,1,80,148
12164,M,67,62,54,183,69,95,78,242
12165,M,69,75,93,237,95,95,94,284
12166,M,55,67,82,204,63,84,96,243
12167,M,47,47,53,147,9,27,42,78
12168,M,60,62,63,185,76,95,84,255
12169,M,61,73,68,202,83,82,83,248
12170,F,70,71,88,229,83,50,81,214
12171,M,57,62,79,198,88,21,94,203
12172,F,61,69,65,195,96,99,82,277
12173,F,65,59,47,171,49,94,56,199
12174,F,65,59,65,189,79,15,84,178
12175,F,69,69,79,217,75,94,89,258
12176,M,75,66,100,241,86,81,99,266
12177,M,60,62,77,199,86,81,95,262
12178,M,57,51,56,164,19,30,73,122
12179,F,84,67,84,235,93,99,95,287
12180,F,50,48,62,160,15,38,70,123
12181,M,52,62,60,174,86,71,81,238
12182,M,57,69,79,205,81,88,95,264
12183,F,58,56,60,174,81,8,81,170
12184,F,57,65,59,181,83,88,75,246
12185,F,58,56,53,167,90,83,66,239
12186,F,45,56,42,143,14,45,39,98
12187,M,67,62,53,182,85,56,90,231
12188,F,72,66,57,195,67,67,66,200
12189,M,75,65,100,240,96,83,98,277
12190,F,55,55,44,154,68,78,21,167
12191,M,48,56,48,152,15,57,42,114
12192,M,75,69,69,213,88,94,84,266
12193,M,69,69,100,238,90,65,94,249
12194,M,51,54,60,165,36,76,78,190
12195,F,69,67,65,201,86,87,77,250
12196,F,57,66,58,181,56,50,60,166
12197,M,62,64,64,190,55,77,82,214
12198,M,57,69,54,180,89,89,65,243
12199,F,41,44,53,138,30,3,59,92
12200,M,63,55,55,173,31,23,39,93
12201,M,61,62,77,200,64,64,73,201
12202,M,79,71,100,250,99,91,93,283
12203,M,84,75,88,247,99,99,100,298
12204,M,84,77,100,261,100,98,92,290
12205,M,72,73,93,238,64,70,79,213
12206,F,61,59,64,184,2,6,74,82
12207,M,69,69,100,238,91,89,98,278
12208,F,58,61,79,198,79,88,78,245
12209,M,63,71,54,188,70,87,89,246
12210,M,84,65,55,204,79,95,90,264
12211,M,47,52,58,157,30,28,44,102
12212,M,69,67,73,209,91,23,86,200
12213,F,48,59,51,158,42,41,41,124
12214,F,49,50,58,157,68,76,53,197
12215,F,51,57,52,160,77,16,49,142
12216,M,61,61,60,182,78,80,75,233
12217,F,65,62,75,202,97,81,93,271
12218,M,67,71,61,199,90,65,89,244
12219,M,62,64,53,179,42,38,67,147
12220,M,45,50,58,153,13,45,70,128
12221,M,65,65,62,192,74,83,89,246
12222,M,67,75,66,208,78,98,80,256
12223,F,72,69,73,214,100,99,93,292
12224,M,63,57,48,168,64,42,16,122
12225,M,70,62,54,186,97,84,76,257
12226,M,67,62,84,213,94,93,91,278
12227,F,65,50,47,162,93,63,2,158
12228,F,67,65,65,197,72,94,86,252
12229,F,51,41,49,141,66,24,2,92
12230,F,62,59,47,168,30,62,33,125
12231,M,63,57,75,195,61,74,90,225
12232,F,56,75,58,189,93,98,54,245
12233,M,63,69,49,181,41,87,67,195
12234,M,67,77,64,208,95,96,88,279
12235,F,45,37,48,130,64,65,3,132
12236,F,56,62,60,178,65,77,76,218
12237,M,60,60,66,186,76,37,61,174
12238,M,84,67,100,251,100,99,99,298
12239,M,63,73,100,236,82,87,99,268
12240,M,65,69,93,227,100,94,100,294
12241,M,69,67,82,218,37,78,92,207
12242,M,41,50,54,145,29,35,31,95
12243,F,60,53,75,188,60,46,78,184
12244,F,84,67,93,244,95,94,98,287
12245,M,58,63,56,177,78,92,79,249
12246,F,45,53,49,147,28,34,30,92
12247,M,69,65,77,211,100,87,97,284
12248,M,55,63,42,160,42,50,49,141
12249,M,41,53,45,139,10,5,39,54
12250,F,55,62,58,175,86,54,58,198
12251,M,65,69,65,199,78,80,78,236
12252,F,58,64,55,177,97,64,81,242
12253,M,60,71,54,185,50,79,69,198
12254,F,52,58,68,178,46,51,91,188
12255,F,67,69,88,224,90,51,87,228
12256,F,79,71,93,243,93,100,97,290
12257,M,61,62,63,186,66,67,74,207
12258,F,78,69,52,199,63,93,71,227
12259,M,65,84,88,237,87,93,91,271
12260,F,54,62,52,168,44,74,56,174
12261,F,57,61,68,186,57,78,92,227
12262,F,63,69,67,199,60,51,79,190
12263,F,63,65,69,197,87,84,89,260
12264,M,52,51,55,158,54,33,74,161
12265,M,57,59,56,172,71,73,67,211
12266,F,67,57,48,172,98,90,82,270
12267,M,72,64,73,209,88,59,94,241
12268,M,65,69,58,192,86,52,92,230
12269,M,65,67,93,225,92,90,99,281
12270,F,52,56,38,146,58,69,70,197
12271,M,57,71,57,185,36,5,28,69
12272,M,45,51,50,146,31,27,48,106
12273,M,67,75,55,197,83,97,25,205
12274,M,58,59,93,210,96,84,94,274
12275,F,65,62,54,181,97,67,46,210
12276,F,63,69,55,187,80,55,31,166
12277,M,67,61,63,191,97,67,92,256
12278,M,63,65,93,221,97,94,96,287
12279,M,60,71,75,206,54,15,88,157
12280,M,63,51,53,167,89,63,57,209
12281,F,72,75,62,209,97,99,78,274
12282,M,52,57,56,165,18,41,31,90
12283,M,67,61,88,216,82,39,84,205
12284,M,60,72,60,192,79,95,48,222
12285,M,63,57,100,220,68,88,90,246
12286,F,51,50,43,144,78,77,66,221
12287,M,41,45,44,130,72,48,17,137
12288,M,63,64,53,180,62,88,58,208
12289,F,58,56,73,187,50,59,82,191
12290,F,54,57,55,166,35,58,26,119
12291,M,63,62,59,184,79,81,90,250
12292,F,50,47,65,162,21,9,16,46
12293,F,65,61,77,203,81,83,90,254
12294,M,50,42,51,143,13,9,31,53
12295,M,40,45,44,129,9,30,44,83
12296,M,67,80,84,231,5,96,97,198
12297,M,91,71,75,237,98,66,84,248
12298,M,69,71,70,210,82,84,92,258
12299,F,60,59,66,185,91,83,79,253
12300,M,55,63,77,195,79,83,94,256
12301,M,51,58,58,167,62,64,45,171
12302,F,63,58,71,192,16,14,82,112
12303,F,47,50,50,147,24,33,12,69
12304,F,75,67,68,210,88,97,92,277
12305,M,84,69,77,230,100,97,86,283
12306,F,67,67,58,192,94,15,73,182
12307,F,51,57,49,157,41,78,49,168
12308,M,70,75,61,206,46,56,73,175
12309,M,58,57,54,169,45,27,51,123
12310,M,69,65,82,216,81,64,88,233
12311,F,55,60,65,180,30,49,86,165
12312,M,75,71,64,210,100,54,78,232
12313,M,56,64,75,195,14,25,78,117
12314,F,48,53,47,148,26,24,22,72
12315,F,67,71,56,194,69,75,66,210
12316,M,45,51,81,177,20,42,88,150
12317,F,69,58,64,191,65,68,71,204
12318,M,75,75,79,229,85,89,92,266
12319,F,65,64,57,186,64,88,61,213
12320,F,69,64,64,197,85,92,81,258
12321,M,60,69,66,195,56,93,94,243
12322,M,83,75,88,246,100,96,91,287
12323,F,67,60,52,179,87,27,74,188
12324,M,65,61,82,208,100,23,85,208
12325,M,60,63,50,173,73,55,61,189
12326,F,63,61,75,199,71,78,74,223
12327,M,72,77,81,230,98,96,94,288
12328,M,100,80,100,280,100,100,100,300
12329,M,78,71,48,197,82,32,20,134
12330,M,47,61,53,161,49,79,62,190
12331,M,54,47,60,161,50,52,49,151
12332,M,45,54,53,152,14,51,14,79
12333,F,70,75,81,226,87,87,93,267
12334,M,63,65,79,207,97,81,94,272
12335,M,58,73,75,206,100,75,87,262
12336,F,52,50,55,157,13,3,15,31
12337,M,60,61,53,174,100,80,72,252
12338,M,67,67,67,201,63,94,84,241
12339,M,55,64,51,170,87,69,67,223
12340,F,54,52,45,151,15,14,73,102
12341,F,75,73,82,230,87,79,89,255
12342,F,67,59,88,214,100,56,100,256
12343,M,63,62,53,178,50,77,58,185
12344,F,55,69,57,181,57,64,59,180
12345,F,79,61,88,228,86,83,99,268
12346,M,72,75,100,247,89,70,91,250
12347,M,65,62,54,181,9,47,58,114
12348,M,47,40,45,132,6,3,91,100
12349,F,57,61,60,178,77,60,84,221
12350,F,63,65,59,187,59,67,64,190
12351,F,63,64,77,204,78,95,93,266
12352,F,60,61,88,209,82,82,97,261
12353,M,58,62,52,172,71,89,60,220
12354,F,72,73,67,212,85,79,74,238
12355,M,57,62,49,168,42,66,61,169
12356,M,50,49,49,148,7,38,47,92
12357,F,60,73,56,189,93,48,51,192
12358,M,62,67,64,193,99,99,80,278
12359,F,63,73,53,189,78,85,45,208
12360,M,60,77,81,218,94,92,92,278
12361,F,60,61,45,166,50,62,48,160
12362,F,65,69,68,202,75,56,73,204
12363,M,58,47,51,156,73,82,70,225
12364,M,57,49,54,160,15,12,24,51
12365,F,70,65,88,223,68,85,94,247
12366,F,62,75,58,195,95,85,80,260
12367,F,38,38,36,112,19,43,15,77
12368,M,72,71,82,225,86,93,89,268
12369,M,61,67,88,216,78,80,88,246
12370,F,72,70,59,201,76,27,49,152
12371,F,60,69,68,197,13,68,86,167
12372,F,72,69,88,229,86,94,94,274
12373,F,49,50,49,148,50,54,6,110
12374,M,69,75,57,201,69,95,97,261
12375,M,43,47,39,129,95,100,97,292
12376,M,69,67,93,229,87,92,85,264
12377,M,83,78,68,229,92,85,83,260
12378,F,72,65,73,210,68,89,89,246
12379,F,67,62,100,229,86,88,99,273
12380,F,57,58,47,162,74,60,50,184
12381,F,72,64,62,198,85,88,75,248
12382,F,72,70,100,242,98,97,99,294
12383,M,57,56,52,165,36,48,20,104
12384,F,67,73,53,193,79,86,58,223
12385,M,72,71,88,231,93,100,98,291
12386,M,72,93,65,230,99,100,100,299
12387,F,55,65,58,178,77,24,62,163
12388,F,67,61,59,187,89,94,44,227
12389,F,63,56,61,180,52,86,74,212
12390,F,60,58,51,169,56,76,57,189
12391,F,60,63,61,184,82,81,69,232
12392,M,48,50,54,152,63,92,9,164
12393,M,69,73,71,213,88,91,96,275
12394,M,47,60,58,165,32,43,27,102
12395,F,57,57,49,163,11,2,25,38
12396,M,62,73,69,204,71,61,86,218
12397,F,51,50,43,144,5,29,17,51
12398,M,60,69,53,182,88,90,77,255
12399,F,65,73,77,215,89,87,91,267
12400,F,58,54,69,181,34,89,89,212
12401,F,72,60,81,213,36,39,48,123
12402,F,61,59,67,187,86,93,90,269
12403,F,61,64,64,189,91,83,88,262
12404,F,75,64,100,239,92,53,92,237
12405,M,63,67,77,207,66,31,88,185
12406,M,69,70,81,220,71,86,87,244
12407,M,57,61,53,171,39,44,11,94
12408,M,69,75,58,202,88,90,81,259
12409,F,69,64,52,185,80,51,8,139
12410,M,65,62,73,200,95,91,79,265
